# System                       SpT1         SpT2            Pday  Vmag   BmV   logM1   logM1e  logM2   logM2e  logR1   logR1e  logR2   logR2e  logg1   logg1e  logg2   logg2e  logT1   logT1e  logT2   logT2e  logL1   logL1e  logL2   logL2e  MoH     MoHe                                                 
EPIC_203710387                 M4.5V        M5V             2.809 14.30  1.80 -0.9363  0.0116 -0.9763  0.0111 -0.3648  0.0055 -0.3730  0.0057  4.2310  0.0100  4.2070  0.0100  3.4830  0.0110  3.4830  0.0110 -1.8420  0.0470 -1.8610  0.0470 -9.9900 -9.9900
NGTS_J052218.2-250710.4        M5_V         M5_V            1.748 16.88  1.49 -0.7597  0.0032 -0.7590  0.0032 -0.6893  0.0102 -0.6639  0.0096  5.0570  0.0210  5.0070  0.0200  3.4760  0.0140  3.4770  0.0120 -9.9900 -9.9900 -9.9900 -9.9900 -9.9900 -9.9900
TOI-450                        M4.5_V       M4.5_V         10.715 15.20  1.50 -0.7525  0.0010 -0.7528  0.0007 -0.4622  0.0076 -0.4609  0.0075  4.6100  0.0150  4.6070  0.0150  3.4920  0.0140  3.4920  0.0140 -9.9900 -9.9900 -9.9900 -9.9900 -9.9900 -9.9900
CM_Dra                         M4.5_V       M4.5_V          1.268 12.90  1.60 -0.6478  0.0006 -0.6776  0.0006 -0.6003  0.0003 -0.6243  0.0004  4.9908  0.0008  5.0091  0.0007  3.4960  0.0100  3.4940  0.0140 -2.2580  0.0380 -2.3130  0.0560 -0.3000  0.1200
KOI-126_BC                     M            M               1.722 -1.00 -1.00 -0.6286  0.0011 -0.6834  0.0013 -0.5943  0.0014 -0.6354  0.0013  4.9980  0.0030  5.0260  0.0030  3.5100  0.0050  3.5010  0.0050 -2.1940  0.0200 -2.3120  0.0200  0.1500  0.0800
UScoCTIO_5                     M4.5_V       M4.5_V         34.001 16.19  1.62 -0.4694  0.0026 -0.4864  0.0027 -0.0588  0.0012 -0.0770  0.0012  4.0859  0.0021  4.1053  0.0021  3.5150  0.0130  3.5130  0.0130 -1.1050  0.0530 -1.1460  0.0590 -9.9900 -9.9900
LSPM_J1112+7626                M4_V         none           41.033 14.85  1.49 -0.4038  0.0025 -0.5615  0.0019 -0.4134  0.0061 -0.5261  0.0070  4.8610  0.0120  4.9290  0.0140  3.4860  0.0240  3.4700  0.0230 -1.9200  0.0800 -2.2100  0.0900 -9.9900 -9.9900
PTFEB_132.707+19.810           M3.5_V       M4.3_V          6.016 17.89  1.66 -0.4031  0.0022 -0.6782  0.0029 -0.4401  0.0096 -0.5654  0.0192  4.9150  0.0190  4.8910  0.0390  3.5130  0.0120  3.4940  0.0150 -1.8630  0.0320 -2.3000  0.1300  0.1400  0.0400
NGTS_0002-29                   M            M               1.098 17.64  1.28 -0.4003  0.0036 -0.6488  0.0035 -0.3939  0.0052 -0.5592  0.0087  4.8260  0.0100  4.9080  0.0170  3.5280  0.0050  3.5090  0.0060 -1.7200  0.0200 -2.1200  0.0300  0.0400  0.0400
CU_Cnc                         M3.5_Ve      M3.5_Ve         2.771 11.80  1.56 -0.3607  0.0008 -0.3982  0.0015 -0.3648  0.0052 -0.4080  0.0104  4.8040  0.0110  4.8540  0.0210  3.5000  0.0210  3.4950  0.0210 -1.7780  0.0830 -1.8840  0.0860 -9.9900 -9.9900
HAT-TR-318-007                 M4_V         M5_V            3.343 16.13  1.32 -0.3487  0.0010 -0.5653  0.0067 -0.3422  0.0034 -0.5357  0.0036  4.7740  0.0057  4.9442  0.0039  3.5040  0.0150  3.4910  0.0150 -1.7150  0.0600 -2.1510  0.0620  0.3000  0.1100
MG1-2056316                    M2_V         M3_V            1.722 16.20  1.50 -0.3288  0.0019 -0.4179  0.0023 -0.3556  0.0030 -0.4271  0.0035  4.8200  0.0060  4.8740  0.0070  3.5390  0.0220  3.5210  0.0220 -1.6000  0.0900 -1.8200  0.0900 -9.9900 -9.9900
THOR_42                        M3.5         none            0.859 15.17  1.53 -0.3036  0.0044 -0.6882  0.0042 -0.1811  0.0020 -0.3726  0.0020  4.4960  0.0030  4.4960  0.0040  3.5180  0.0030  3.4780  0.0030 -1.3370  0.0130 -1.8790  0.0130 -9.9900 -9.9900
MG1-646680                     M1_V         M2_V            1.638 17.30  1.40 -0.3019  0.0017 -0.3536  0.0020 -0.3401  0.0067 -0.3696  0.0061  4.8160  0.0130  4.8240  0.0130  3.5720  0.0060  3.5600  0.0060 -1.4400  0.0300 -1.5500  0.0300 -9.9900 -9.9900
MG1-78457                      M3_V         M4_V            1.586 17.70  1.50 -0.2782  0.0016 -0.3089  0.0018 -0.2967  0.0095 -0.3270  0.0111  4.7530  0.0190  4.7830  0.0220  3.5220  0.0130  3.5150  0.0130 -1.5500  0.0500 -1.6400  0.0500 -9.9900 -9.9900
MG1-116309                     K8_V         M0_V            0.827 16.10  1.40 -0.2464  0.0015 -0.2741  0.0016 -0.2581  0.0102 -0.2741  0.0073  4.7080  0.0200  4.7120  0.0150  3.5930  0.0110  3.5810  0.0110 -1.1900  0.0400 -1.2700  0.0500 -9.9900 -9.9900
MG1-506664                     M1_V         M2_V            1.548 16.00  1.40 -0.2336  0.0015 -0.2644  0.0016 -0.2518  0.0039 -0.2899  0.0068  4.7080  0.0080  4.7530  0.0130  3.5720  0.0120  3.5580  0.0120 -1.2600  0.0500 -1.4000  0.0500 -9.9900 -9.9900
LP_819-72                      K5_V         K5_V           11.000 10.54  1.76 -0.2291  0.0147 -0.1871  0.0134 -0.2218  0.0072 -0.2366  0.0075  4.6500  0.0200  4.7200  0.0200  3.6050  0.0060  3.6260  0.0060 -1.0700  0.0300 -1.0100  0.0300 -9.9900 -9.9900
YY_Gem                         M1_Ve        M1_Ve           0.814  9.07  1.49 -0.2237  0.0034 -0.2212  0.0034 -0.2079  0.0040 -0.2193  0.0041  4.6300  0.0080  4.6550  0.0510  3.5820  0.0110  3.5820  0.0110 -1.1340  0.0090 -1.1340  0.0090 -9.9900 -9.9900
GU_Boo                         M1_V         M1_V            0.489 13.70  1.50 -0.2147  0.0050 -0.2226  0.0044 -0.2055  0.0112 -0.2076  0.0140  4.6340  0.0230  4.6300  0.0280  3.5930  0.0140  3.5810  0.0150 -1.0900  0.0600 -1.1400  0.0800 -9.9900 -9.9900
NSVS_10653195                  K6_V         K7_V            0.561 12.50  1.17 -0.1937  0.0035 -0.1864  0.0035 -0.1630  0.0133 -0.1726  0.0129  4.5700  0.0270  4.5970  0.0270  3.6280  0.0100  3.6130  0.0120 -0.8630  0.0500 -0.9390  0.0550 -9.9900 -9.9900
ASAS_J082552-1622.8            K7_V         M0_V            1.528 11.45  1.16 -0.1531  0.0028 -0.1629  0.0031 -0.1586  0.0056 -0.1555  0.0081  4.6000  0.0160  4.5850  0.0160  3.6240  0.0210  3.6110  0.0210 -0.8080  0.0820 -0.9090  0.0870 -9.9900 -9.9900
M55_V54                        none         none            9.269 18.30  0.56 -0.1391  0.0090 -0.2557  0.0063  0.0026  0.0039 -0.2774  0.0041  4.2940  0.0100  4.7370  0.0100  3.7960  0.0050  3.7010  0.0080  0.1400  0.0210 -0.7990  0.0330 -1.8600  0.1500
V404_CMa                       none         none            0.452 17.45  1.17 -0.1349  0.0030 -0.1791  0.0033 -0.1427  0.0060 -0.1675  0.0128  4.6080  0.0120  4.6140  0.0250  3.6230  0.0100  3.5960  0.0120 -0.8670  0.0440 -1.0280  0.0540 -9.9900 -9.9900
2MASS_J12220147-5737565        M2e          M2e             3.072 12.85  1.50 -0.1335  0.0034 -0.1752  0.0029 -0.0106  0.0058 -0.0259  0.0069  4.3300  0.0110  4.3100  0.0130  3.5740  0.0040  3.5620  0.0040 -0.7720  0.0210 -0.8510  0.0220 -9.9900 -9.9900
1SWASP_J093010.78+533859.5     K1_V         K5_V            1.306  9.84  0.88 -0.1158  0.0079 -0.1911  0.0081 -0.1209  0.0046 -0.1290  0.0058  4.5640  0.0120  4.5050  0.0140  3.6990  0.0170  3.6270  0.0210 -0.4900  0.0700 -0.8000  0.0800 -9.9900 -9.9900
M4_V69                         none         none           48.188 17.01  0.90 -0.1155  0.0030 -0.1380  0.0029 -0.0627  0.0049 -0.0929  0.0043  4.4440  0.1320  4.4830  0.1190  3.7840  0.0090  3.7720  0.0100 -0.0360  0.0360 -0.1460  0.0410 -1.2000  0.1000
M4_V66                         none         none            8.111 16.84  0.88 -0.1056  0.0025 -0.1283  0.0025 -0.0293  0.0022 -0.0810  0.0028  4.3880  0.0770  4.4690  0.0850  3.7900  0.0070  3.7740  0.0080  0.0530  0.0280 -0.1150  0.0310 -1.2000  0.1000
V1236_Tau                      K7_V         K7_V            2.588 18.10  1.37 -0.1040  0.0066 -0.1135  0.0051 -0.1035  0.0083 -0.0878  0.0053  4.5400  0.0200  4.5000  0.0100  3.6230  0.0200  3.6180  0.0250 -0.7600  0.1000 -0.7500  0.0900 -9.9900 -9.9900
M4_V65                         none         none            2.293 17.03  0.90 -0.0950  0.0046 -0.2182  0.0032  0.0596  0.0039 -0.2140  0.0065  4.2210  0.0140  4.6450  0.0170  3.7850  0.0080  3.6820  0.0110  0.2100  0.0320 -0.7470  0.0460 -1.2000  0.1000
NGC_3201_V142                  none         none           27.693 17.25  0.78 -0.0947  0.0027 -0.1778  0.0013  0.3448  0.0045 -0.1593  0.0025  3.6540  0.0050  4.5880  0.0030  3.7720  0.0120  3.7440  0.0120  0.7310  0.0490 -0.2400  0.1100 -1.4700  0.0400
NGC_3201_V139                  none         none            8.789 18.08  0.74 -0.0937  0.0038 -0.1649  0.0019  0.0846  0.0043 -0.1630  0.0025  4.1750  0.0060  4.5990  0.0030  3.7930  0.0050  3.7450  0.0060  0.2940  0.0220 -0.3870  0.0210 -1.4700  0.0400
NGC_6362_V41                   none         none           17.889 18.77  0.57 -0.0854  0.0031 -0.1379  0.0028  0.0310  0.0019 -0.1363  0.0027  4.3110  0.0040  4.5930  0.0060  3.7870  0.0090  3.7590  0.0090  0.1640  0.0330 -0.2810  0.0360 -1.0700  0.0500
ASAS_J212954-5620.1            none         none            0.702 11.93  1.17 -0.0794  0.0089 -0.1530  0.0080 -0.0731  0.0062 -0.1439  0.0103  4.5060  0.0120  4.5740  0.0200  3.6770  0.0140  3.6250  0.0190 -0.4820  0.0570 -0.8400  0.0760 -9.9900 -9.9900
NGC_6362_V40                   none         none            5.296 18.22  0.55 -0.0790  0.0033 -0.0998  0.0026  0.1223  0.0025 -0.0013  0.0057  4.5500  0.0050  4.3610  0.0110  3.7890  0.0090  3.7850  0.0110  0.3560  0.0350  0.0930  0.0460 -1.0700  0.0500
ASAS_J045304-0700.4            K2_V         K4_V            1.622 11.24  0.63 -0.0789  0.0019 -0.0820  0.0021 -0.0716  0.0026 -0.0794  0.0026  4.5030  0.0050  4.5150  0.0050  3.7260  0.0160  3.7080  0.0170 -0.2780  0.0650 -0.3650  0.0680 -9.9900 -9.9900
47_Tuc_E32                     none         none           40.913 17.15  0.56 -0.0646  0.0024 -0.0826  0.0024  0.0731  0.0012  0.0019  0.0017  4.2270  0.0020  4.3520  0.0030  3.7800  0.0030  3.7750  0.0030  0.2170  0.0130  0.0570  0.0150 -0.7100  0.1000
47_Tuc_V69                     none         none           29.540 16.84  0.56 -0.0574  0.0024 -0.0661  0.0030  0.1189  0.0017  0.0651  0.0023  4.1430  0.0030  4.2420  0.0030  3.7750  0.0030  3.7770  0.0030  0.2920  0.0130  0.1930  0.0140 -0.7100  0.1000
Kepler-35                      none         none           20.734 15.96  0.66 -0.0517  0.0025 -0.0918  0.0024  0.0122  0.0008 -0.1045  0.0012  4.3623  0.0020  4.5556  0.0016  3.7490  0.0110  3.7160  0.0080 -0.0270  0.0430 -0.3870  0.0200 -0.3400  0.2000
HS_Aur                         G8_V         K0_V            9.815 10.16  0.77 -0.0458  0.0092 -0.0560  0.0084  0.0017  0.0104 -0.0590  0.0119  4.3890  0.0230  4.5000  0.0250  3.7280  0.0060  3.7160  0.0060 -0.1300  0.0300 -0.3000  0.0300 -9.9900 -9.9900
EPIC_219511354                 K2_V         K4_V            1.622 13.16  0.94 -0.0400  0.0062 -0.0851  0.0085 -0.0362  0.0076 -0.0701  0.0082  4.4700  0.0160  4.4940  0.0170  3.7020  0.0130  3.6710  0.0120 -0.3100  0.0530 -0.5000  0.0520  0.0700  0.0300
RW_Lac                         G5_V         G7_V           10.369 10.63  0.50 -0.0325  0.0028 -0.0605  0.0020  0.0741  0.0015 -0.0159  0.0018  4.2570  0.0030  4.4090  0.0040  3.7600  0.0080  3.7450  0.0120  0.1400  0.0300 -0.1000  0.0500 -0.3000 -9.9900
ASAS_J045021+2300.4            none         none            1.653 10.26  0.73 -0.0297  0.0079 -0.3883  0.0053  0.0245  0.0094 -0.3893  0.0096  4.3600  0.0180  4.8290  0.0190  3.7530  0.0050  3.5550  0.0120 -9.9900 -9.9900 -9.9900 -9.9900 -0.2600  0.2600
CG_Cyg                         G9_V         K3_V            0.631 10.08  0.86 -0.0269  0.0055 -0.0915  0.0070 -0.0506  0.0063 -0.0757  0.0072  4.5120  0.0140  4.5050  0.0160  3.7210  0.0150  3.6740  0.0060 -0.2600  0.0600 -0.5100  0.0300 -9.9900 -9.9900
KIC_6131659                    none         none           17.528 12.76  0.92 -0.0259  0.0046 -0.1530  0.0049 -0.0443  0.0014 -0.2104  0.0021  4.4960  0.0050  4.7050  0.0060  3.7160  0.0080  3.6170  0.0500 -9.9900 -9.9900 -9.9900 -9.9900 -0.2300  0.2000
Kepler-453                     none         none           27.322 13.70  0.75 -0.0250  0.0046 -0.7097  0.0045 -0.0794  0.0057 -0.6676  0.0028  4.5710  0.0150  5.0630  0.0050  3.7420  0.0080  3.5090  0.0130 -9.9900 -9.9900 -9.9900 -9.9900  0.0900  0.1000
HP_Aur                         G2_V         K1_V            1.423 11.17  0.68 -0.0203  0.0019 -0.0918  0.0019  0.0119  0.0018 -0.1103  0.0019  4.3942  0.0040  4.5669  0.0043  3.7640  0.0090  3.7130  0.0100  0.0360  0.0350 -0.4140  0.0390 -9.9900 -9.9900
KIC_4054905                    none         none          274.729 13.22  1.04 -0.0203  0.0043 -0.0193  0.0027  0.9224  0.0014  0.4901  0.0013  2.5730  0.0026  3.4385  0.0019  3.6860  0.0060  3.7210  0.0190  1.5420  0.0250  0.8190  0.0810 -0.6000  0.0200
Tyc_5227-1023-1                none         none            4.306 11.86  0.55 -0.0195  0.0073 -0.0762  0.0062  0.1424  0.0031 -0.0101  0.0044  4.1300  0.0100  4.3800  0.0100  3.8030  0.0140  3.7730  0.0160 -9.9900 -9.9900 -9.9900 -9.9900 -0.6300  0.1100
ASAS_J065134-2211.5            G            none            8.220  9.83  0.83 -0.0195  0.0055 -0.1713  0.0032 -0.0013  0.0017 -0.1612  0.0044  4.4210  0.0030  4.5890  0.0090  3.7400  0.0080  3.5990  0.0120 -0.0900  0.0300 -0.9600  0.0500  0.0900  0.1300
Kepler-47                      none         none            7.448 15.38  0.85 -0.0191  0.0064 -0.4660  0.0038 -0.0287  0.0023 -0.4711  0.0026  4.4760  0.0050  4.9140  0.0050  3.7510  0.0080  3.5260  0.0130 -0.0760  0.0350 -1.8540  0.0620 -0.2500  0.0800
OGLE-BLG-ECL-116218            K2_III       K3_III         80.586 17.59  1.60 -0.0137  0.0054 -0.0074  0.0053  1.2235  0.0073  1.3436  0.0051  1.9780  0.0150  1.7440  0.0090  3.6270  0.0210  3.6110  0.0150  1.9100  0.0800  2.0800  0.0600 -0.4600  0.2000
OGLE-SMC-ECL-1492              G6_III       G8_III         73.715 17.71  1.03 -0.0132  0.0045 -0.0132  0.0045  1.2014  0.0164  1.3997  0.0052  2.0200  0.0300  1.6300  0.0100  3.6970  0.0090  3.6790  0.0060  2.1490  0.0460  2.4680  0.0280 -0.8800  0.0900
IM_Vir                         G7_V         K7_V            1.309  9.57  0.66 -0.0083  0.0053 -0.1776  0.0031  0.0257  0.0065 -0.1669  0.0083  4.3790  0.0140  4.5940  0.0170  3.7540  0.0080  3.6280  0.0130 -0.0120  0.0340 -0.8670  0.0560 -0.1000  0.2500
KIC_10987439                   F3_V         none           10.675 10.69  9.62 -0.0059  0.0015  0.1527  0.0014 -0.0306  0.0070  0.1796  0.0089  4.4930  0.0140  4.2320  0.0180  3.7100  0.0180  3.8120  0.0060 -9.9900 -9.9900  0.5500  0.0300 -9.9900 -9.9900
KIC_8736245                    G2_V         none            5.069 13.95  0.71 -0.0057  0.0040 -0.1068  0.0050  0.1176  0.0020 -0.0947  0.0022  4.1970  0.0060  4.5210  0.0080  3.7640  0.0090  3.7020  0.0110 -9.9900 -9.9900 -9.9900 -9.9900 -9.9900 -9.9900
V565_Lyr                       none         none           18.799 17.71  0.93 -0.0020  0.0014 -0.0318  0.0015  0.0418  0.0027 -0.0129  0.0024  4.3524  0.0053  4.4319  0.0080  3.7480  0.0070  3.7350  0.0100 -9.9900 -9.9900 -9.9900 -9.9900  0.2800  0.0500
V530_Ori                       G1_V         M1_V            6.111  9.96  0.49  0.0016  0.0029 -0.2251  0.0016 -0.0088  0.0058 -0.2311  0.0050  4.4570  0.0120  4.6760  0.0100  3.7770  0.0070  3.5890  0.0130  0.0160  0.0320 -1.1540  0.0530 -0.1200  0.0800
V1174_Ori                      K4.5_V       M1.5_V          2.635 13.95  1.24  0.0039  0.0065 -0.1361  0.0048  0.1268  0.0049  0.0273  0.0045  4.1900  0.0100  4.2500  0.0100  3.6500  0.0120  3.5580  0.0120 -0.1930  0.0480 -0.7610  0.0580 -9.9900 -9.9900
V818_Tau                       G8_V         K4_V            5.609  8.32  0.76  0.0105  0.0010 -0.1292  0.0009 -0.0348  0.0071 -0.1314  0.0153  4.5180  0.0140  4.5710  0.0320  3.7520  0.0040  3.6330  0.0100 -9.9900 -9.9900 -9.9900 -9.9900  0.0500  0.0500
EBLM_J0113+31                  G0_V         none           14.277 10.12  0.50  0.0124  0.0106 -0.7055  0.0066  0.1514  0.0043 -0.6676  0.0040  4.1480  0.0060  5.0680  0.0060  3.7870  0.0030  3.5280  0.0050  0.4060  0.0140 -2.2670  0.0240 -0.3000  0.1000
CV_Boo                         G2_V         G3_V            0.847 10.80  0.50  0.0137  0.0055 -0.0141  0.0054  0.1011  0.0079  0.0693  0.0085  4.2940  0.0160  4.2850  0.0170  3.7600  0.0110  3.7540  0.0110  0.1970  0.0480  0.1070  0.0490 -9.9900 -9.9900
KIC_6525196                    none         none            3.421 10.22  0.52  0.0150  0.0023 -0.0127  0.0017  0.0302  0.0008  0.0044  0.0007  4.3927  0.0024  4.4166  0.0019  3.8120  0.0090  3.8060  0.0080 -9.9900 -9.9900 -9.9900 -9.9900 -0.4600  0.1000
KIC_7177553                    G2_V         G2_V           17.996 11.54  0.52  0.0183  0.0058 -0.0061  0.0066 -0.0269  0.0023 -0.0264  0.0023  4.5170  0.0080  4.4910  0.0080  3.7630  0.0100  3.7590  0.0110 -0.0550  0.0400 -0.0710  0.0410 -0.0500  0.0900
Kepler-34                      none         none           27.796 15.04  0.63  0.0203  0.0013  0.0089  0.0009  0.0651  0.0011  0.0385  0.0012  4.3284  0.0021  4.3703  0.0022  3.7720  0.0090  3.7680  0.0100  0.1730  0.0330  0.1070  0.0360 -0.0700  0.1500
V636_Cen                       G0_V         none            4.284  8.70  0.62  0.0220  0.0021 -0.0685  0.0015  0.0077  0.0017 -0.0809  0.0021  4.4440  0.0040  4.5320  0.0050  3.7710  0.0060  3.6990  0.0090  0.0500  0.0300 -0.4100  0.0400 -0.2000  0.0800
OGLE-BLG-ECL-305487            KO_III       K2_III        176.655 18.20  1.70  0.0253  0.0082 -0.0039  0.0079  1.2849  0.0063  1.4770  0.0035  1.8930  0.0130  1.4800  0.0050  3.6280  0.0420  3.6000  0.0270  2.0300  0.1700  2.3100  0.1100  0.0500  0.3500
EPIC_219394517                 G            G               6.527 11.34  0.64  0.0327  0.0008  0.0278  0.0010  0.0233  0.0045  0.0179  0.0050  4.4247  0.0094  4.4303  0.0097  3.7730  0.0070  3.7690  0.0070  0.0910  0.0310  0.0660  0.0310  0.0700  0.0300
V432_Aur                       none         none            3.082  8.15  0.70  0.0334  0.0056  0.0792  0.0065  0.0899  0.0021  0.3909  0.0035  4.2900  0.0080  3.7400  0.0100  3.8250  0.0060  3.7840  0.0060 -9.9900 -9.9900 -9.9900 -9.9900 -0.6000  0.0500
V963_Cen                       G1_IV-V      G1_IV-V        15.269  8.60  0.64  0.0339  0.0012  0.0315  0.0012  0.1600  0.0016  0.1527  0.0021  4.1520  0.0030  4.1640  0.0040  3.7640  0.0040  3.7650  0.0050  0.3320  0.0180  0.3200  0.0210 -0.0600  0.0500
V568_Lyr                       none         none           14.470 17.34  0.94  0.0361  0.0016 -0.0822  0.0012  0.1452  0.0040 -0.1072  0.0029  4.1840  0.0078  4.5698  0.0059  3.7520  0.0070  3.6830  0.0130 -9.9900 -9.9900 -9.9900 -9.9900  0.2800  0.0500
EPIC_210822691                 none         none            8.074 11.37  0.59  0.0374  0.0040 -0.0177  0.0090  0.0969  0.0035 -0.0269  0.0046  4.2860  0.0210  4.4730  0.0330  3.7750  0.0090  3.7450  0.0120  0.2450  0.0280 -0.1180  0.0380  0.0000  0.0500
OGLE-BLG-ECL-296596            K6_III       K8_III        155.658 15.48  1.26  0.0386  0.0060  0.0512  0.0054  1.2567  0.0067  1.4742  0.0048  1.9630  0.0130  1.5410  0.0110  3.6250  0.0140  3.5990  0.0130  1.9640  0.0670  2.2970  0.0600 -0.0700  0.1500
V1094_Tau                      G0_V         G3_V            8.989  8.97  0.70  0.0400  0.0016  0.0052  0.0012  0.1495  0.0018  0.0439  0.0026  4.1790  0.0040  4.3550  0.0050  3.7670  0.0070  3.7560  0.0080  0.3200  0.0300  0.0500  0.0300 -9.9900 -9.9900
TOI-1338                       none         none           14.608 11.98  0.56  0.0406  0.0067 -0.5129  0.0042  0.1136  0.0084 -0.5207  0.0084  3.7770  0.0080  3.5210  0.0090  4.2510  0.0170  4.9670  0.0160 -9.9900 -9.9900 -9.9900 -9.9900  0.0100  0.0500
QR_Hya                         G1_V         G2_V            5.006  8.40  0.63  0.0415  0.0007  0.0283  0.0008  0.1087  0.0014  0.0802  0.0020  4.2620  0.0030  4.3060  0.0040  3.7730  0.0050  3.7670  0.0050  0.2620  0.0210  0.1820  0.0230 -0.0100  0.0600
AL_Dor                         F9_V         F9_V           14.905  7.74  0.57  0.0421  0.0002  0.0425  0.0003  0.0381  0.0008  0.0407  0.0008  4.4040  0.0020  4.3990  0.0020  3.7820  0.0050  3.7820  0.0050  0.1590  0.0180  0.1640  0.0180 -0.1000  0.0400
V785_Cep                       none         none            6.504 14.74  0.60  0.0426  0.0028  0.0338  0.0028  0.1535  0.0058  0.1377  0.0060  4.1740  0.0120  4.1960  0.0130  3.7710  0.0070  3.7690  0.0070  0.3400  0.0300  0.3000  0.0300 -0.0600  0.0600
WOCS_12009                     none         none           69.728 13.99  0.62  0.0457  0.0059 -0.1261  0.0029  0.0298  0.0036 -0.1469  0.0195  4.4240  0.0020  4.6070  0.0380  3.7850  0.0070  3.6730  0.0100 -9.9900 -9.9900 -9.9900 -9.9900  0.0300  0.0400
EPIC_219568666                 F8_V         none           11.991 11.86  0.70  0.0496  0.0050 -0.1349  0.0030  0.0711  0.0026 -0.1938  0.0115  4.3460  0.0050  4.6900  0.0220  3.7880  0.0070  3.6530  0.0100  0.2480  0.0280 -0.8180  0.0460  0.0700  0.0300
HP_Dra                         F9_V         F9_V           10.762  7.94  0.55  0.0542  0.0019  0.0390  0.0028  0.1370  0.0038  0.0220  0.0041  4.2180  0.0100  4.4330  0.0110  3.7780  0.0110  3.7700  0.0110  0.3400  0.0440  0.0790  0.0440 -9.9900 -9.9900
KX_Cnc                         F9_V         F9_V           31.220  7.19  0.56  0.0548  0.0012  0.0508  0.0017  0.0223  0.0023  0.0250  0.0021  4.4825  0.0045  4.4388  0.0041  3.7710  0.0070  3.7670  0.0070  0.0830  0.0300  0.0710  0.0300  0.0700  0.1000
ZZ_UMa                         F8_V         G6_V            2.299 10.39  0.54  0.0549  0.0033 -0.0154  0.0023  0.1574  0.0021  0.0315  0.0019  4.1780  0.0040  4.3600  0.0030  3.7750  0.0050  3.7220  0.0070  0.3700  0.0520 -0.0950  0.0300 -9.9900 -9.9900
ASAS_J231922-0852.2            none         none            6.062 10.24  0.46  0.0554  0.0011  0.0026  0.0009  0.2148  0.0024  0.0453  0.0090  4.0640  0.0050  4.3500  0.0180  3.7970  0.0030  3.7950  0.0070 -9.9900 -9.9900 -9.9900 -9.9900 -0.3900  0.0700
ASAS_J061016-3321.3            K5_III       K5_V          199.857  9.71  1.48  0.0599  0.0117  0.0615  0.0045  1.0913  0.0067  1.5227  0.0051  2.3150  0.0140  1.4540  0.0100  3.6320  0.0190  3.5830  0.0210  1.6670  0.0740  2.3190  0.0920  0.0800  0.1000
WASP_0639-32                   F            K              11.658 10.66  0.50  0.0624  0.0016 -0.1061  0.0016  0.2634  0.0054 -0.1372  0.0048  3.9740  0.0110  4.6070  0.0100  3.8010  0.0030  3.7320  0.0060  0.6850  0.0180 -0.3920  0.0280 -0.3300  0.1000
UW_LMi                         G0_V         G0_V            3.874  8.32  0.59  0.0655  0.0007  0.0570  0.0006  0.1271  0.0045  0.1055  0.0055  4.2490  0.0090  4.2840  0.0110  3.7810  0.0050  3.7780  0.0050  0.3320  0.0220  0.2790  0.0230 -0.1000  0.0600
AL_Ari                         F6_V         G7_V            3.747  7.23  0.52  0.0660  0.0005 -0.0404  0.0003  0.1374  0.0028 -0.0434  0.0038  4.2290  0.0050  4.4580  0.0080  3.8040  0.0040  3.7450  0.0050  0.4440  0.0160 -0.1550  0.0190 -0.4200  0.0800
KIC_7037405                    none         none          207.108 12.22  1.13  0.0682  0.0074  0.0453  0.0043  1.1461  0.0029  0.2420  0.0035  2.2131  0.0067  3.9990  0.0071  3.6530  0.0080  3.7850  0.0100 -9.9900 -9.9900 -9.9900 -9.9900 -0.2700  0.1000
EW_Ori                         G0_V         G2_V            6.937  9.90  0.57  0.0693  0.0041  0.0504  0.0035  0.0674  0.0019  0.0402  0.0020  4.3720  0.0050  4.4080  0.0050  3.7830  0.0070  3.7710  0.0070  0.2200  0.0300  0.1200  0.0300  0.0500  0.0900
KIC_9970396                    none         none          235.299 11.75  1.07  0.0711  0.0055  0.0013  0.0037  0.9050  0.0040  0.0449  0.0020  2.6990  0.0110  4.3493  0.0054  3.6870  0.0070  3.7940  0.0090 -9.9900 -9.9900 -9.9900 -9.9900 -0.3500  0.1000
V2080_Cyg                      F4_V         F4_V            4.934  7.40  0.42  0.0759  0.0062  0.0633  0.0064  0.2030  0.0022  0.2038  0.0022  4.1080  0.0030  4.0930  0.0030  3.7780  0.0050  3.7770  0.0050  0.4740  0.0220  0.4720  0.0220 -9.9900 -9.9900
LV_Her                         F9_V         F9_V           18.436 11.06  0.78  0.0766  0.0036  0.0681  0.0030  0.1329  0.0038  0.1183  0.0036  4.2493  0.0082  4.2695  0.0081  3.7930  0.0110  3.7800  0.0110  0.3490  0.0440  0.3110  0.0440  0.0800  0.2100
AI_Phe                         K0_IV        F7_V           24.592  8.61  0.83  0.0769  0.0003  0.0948  0.0003  0.2565  0.0005  0.4673  0.0003  4.0020  0.0011  3.5981  0.0009  3.7920  0.0020  3.7070  0.0020  0.6540  0.0070  0.7360  0.0060 -0.1400  0.1000
KIC_2306740                    none         none           10.307 13.70  0.74  0.0770  0.0029  0.0326  0.0028  0.2258  0.0010  0.0885  0.0018  4.0630  0.0020  4.2940  0.0040  3.7640  0.0180  3.7820  0.0170  0.4490  0.0750  0.2600  0.0720 -9.9900 -9.9900
LL_Aqr                         F3_V         F8_V           20.178  9.32  0.54  0.0777  0.0003  0.0144  0.0003  0.1209  0.0020  0.0009  0.0022  4.2740  0.0040  4.4510  0.0040  3.7840  0.0030  3.7560  0.0040  0.3320  0.0140 -0.0190  0.0160  0.0200  0.0400
FL_Lyr                         F8_V         G8_V            2.178  9.33  0.52  0.0829  0.0027 -0.0217  0.0018  0.0948  0.0080 -0.0458  0.0116  4.3310  0.0160  4.5080  0.0230  3.7960  0.0080  3.7400  0.0190  0.3300  0.0950 -0.1800  0.0800 -0.0700  0.0900
Kepler-1647                    none         none           11.259 13.70  0.66  0.0866  0.0040 -0.0142  0.0018  0.2529  0.0013 -0.0149  0.0026  4.0180  0.0020  4.4534  0.0040  3.7930  0.0070  3.7610  0.0090 -9.9900 -9.9900 -9.9900 -9.9900 -0.1400  0.0500
UX_Men                         F8_V         F8_V            4.181  8.22  0.54  0.0874  0.0005  0.0747  0.0005  0.1294  0.0042  0.1052  0.0044  4.2720  0.0090  4.3060  0.0090  3.7920  0.0070  3.7890  0.0070  0.3800  0.0300  0.3200  0.0300  0.0400  0.1000
KIC_3439031                    none         none            5.952 11.34  0.48  0.0884  0.0009  0.0890  0.0010  0.1484  0.0007  0.1471  0.0008  4.2300  0.0013  4.2332  0.0015  3.8150  0.0150  3.8150  0.0150  0.4500  0.0600  0.4500  0.0600  0.1000  0.1300
WZ_Oph                         F8_V         F8_V            4.184  9.10  0.50  0.0888  0.0025  0.0864  0.0021  0.1464  0.0037  0.1520  0.0037  4.2340  0.0080  4.2210  0.0080  3.7900  0.0070  3.7860  0.0070  0.4100  0.0300  0.4000  0.0300 -0.2700  0.0700
WOCS_40007                     none         none            3.185 15.65  0.71  0.0920  0.0070  0.0358  0.0072  0.1458  0.0022  0.0406  0.0016  4.2400  0.0050  4.3810  0.0040  3.7950  0.0060  3.7750  0.0110 -9.9900 -9.9900 -9.9900 -9.9900 -0.0300  0.0600
TIC_172900988                  none         none           19.658 10.14  0.55  0.0926  0.0003  0.0799  0.0003  0.1407  0.0008  0.1186  0.0004  4.2492  0.0016  4.2808  0.0009  3.7820  0.0070  3.7770  0.0070 -9.9900 -9.9900 -9.9900 -9.9900  0.3400  0.3400
EF_Aqr                         G0_V         none            2.854  9.89  0.72  0.0948  0.0028 -0.0241  0.0028  0.1265  0.0039 -0.0195  0.0055  4.2800  0.0070  4.4530  0.0110  3.7890  0.0060  3.7150  0.0090  0.3600  0.0110 -0.2270  0.0200  0.0000  0.1000
KIC_5288543                    none         none            3.457 13.52  0.39  0.0973  0.0052 -0.0237  0.0046  0.2097  0.0009 -0.0328  0.0015  4.1160  0.0070  4.4800  0.0080  3.7980  0.0120  3.7480  0.0120 -9.9900 -9.9900 -9.9900 -9.9900 -9.9900 -9.9900
KIC_5359678                    F5           none            6.231 14.21  0.70  0.0976  0.0062  0.0273  0.0053  0.1611  0.0036  0.0204  0.0070  4.2140  0.0070  4.4240  0.0130  3.8130  0.0030  3.7770  0.0050  0.5550  0.0140  0.1030  0.0250 -9.9900 -9.9900
KIC_8430105                    none         none           63.327 10.67  0.93  0.0983  0.0048 -0.0897  0.0027  0.8736  0.0018 -0.1253  0.0024  2.7892  0.0033  4.5990  0.0039  3.7520  0.0060  3.7560  0.0060 -9.9900 -9.9900 -9.9900 -9.9900 -0.4600  0.1000
HS_Hya                         F5_V         F5_V            1.568  8.12  0.41  0.0987  0.0027  0.0859  0.0025  0.1054  0.0025  0.0850  0.0025  4.3259  0.0056  4.3539  0.0057  3.8129  0.0033  3.8062  0.0034  0.4150  0.0140  0.3470  0.0150 -9.9900 -9.9900
V501_Her                       G3_IV        G3_V            8.598 10.93  0.93  0.1035  0.0012  0.0833  0.0011  0.3014  0.0007  0.1793  0.0008  3.9384  0.0014  4.1623  0.0016  3.7550  0.0080  3.7570  0.0080  0.5760  0.0300  0.3440  0.0290 -9.9900 -9.9900
V2154_Cyg                      F3_V         K2_V            2.631  7.83  0.40  0.1035  0.0058 -0.1225  0.0034  0.1694  0.0035 -0.1407  0.0055  4.2028  0.0089  4.5970  0.0120  3.8310  0.0100  3.7010  0.0130  0.6160  0.0390 -0.5230  0.0390 -9.9900 -9.9900
CQ_Ind                         F6_V         F8_V            8.974  8.36  0.53  0.1036  0.0004  0.0528  0.0005  0.1491  0.0012  0.0518  0.0022  4.2430  0.0020  4.3870  0.0030  3.8100  0.0050  3.7880  0.0050  0.4940  0.0180  0.2120  0.0210 -0.0400  0.0800
VZ_Hya                         F5_V         F6_V            2.904  8.95  0.41  0.1041  0.0021  0.0592  0.0027  0.1186  0.0017  0.0461  0.0027  4.3050  0.0050  4.4050  0.0060  3.8090  0.0100  3.7990  0.0100  0.4800  0.0400  0.2400  0.0400 -0.2000  0.1200
V505_Per                       F5_V         F5_V            4.222  6.88  0.42  0.1053  0.0012  0.0996  0.0010  0.1120  0.0005  0.1016  0.0006  4.3194  0.0010  4.3343  0.0010  3.8140  0.0030  3.8100  0.0130  0.4340  0.0130  0.3990  0.0130 -9.9900 -9.9900
AP_And                         F5_V         F5_V            1.587 11.19  0.44  0.1062  0.0015  0.0973  0.0015  0.0911  0.0022  0.0775  0.0019  4.3623  0.0044  4.3805  0.0038  3.8170  0.0100  3.8130  0.0100  0.4030  0.0400  0.3580  0.0390 -9.9900 -9.9900
KIC_7821010                    none         none           24.238 10.84  0.56  0.1062  0.0058  0.0867  0.0057  0.1059  0.0037  0.0828  0.0050  4.3320  0.0070  4.3590  0.0090  3.8270  0.0100  3.8170  0.0110  0.4700  0.0400  0.3900  0.0500  0.1000  0.0800
CF_Tau                         K0           G0              2.756 10.25  0.95  0.1079  0.0030  0.0973  0.0038  0.4467  0.0017  0.3113  0.0034  3.6530  0.0050  3.9130  0.0080  3.7160  0.0130  3.7780  0.0110  0.7100  0.0500  0.6900  0.0500 -9.9900 -9.9900
V1061_Cyg                      F9_V         G8_V            2.347  9.24  0.54  0.1079  0.0051 -0.0308  0.0032  0.2082  0.0046 -0.0114  0.0089  4.1290  0.0110  4.4300  0.0180  3.7910  0.0070  3.7240  0.0120  0.5330  0.0300 -0.1730  0.0520 -9.9900 -9.9900
V375_Cep                       none         none            1.910 16.12  0.88  0.1099  0.0057 -0.0600  0.0040  0.2103  0.0016 -0.0472  0.0015  4.1290  0.0070  4.4730  0.0020  3.7940  0.0030  3.7030  0.0150 -9.9900 -9.9900 -9.9900 -9.9900  0.0900  0.0500
V455_Aur                       F5_V         F6_V            3.146  7.28  0.43  0.1102  0.0021  0.0905  0.0018  0.1427  0.0034  0.1199  0.0046  4.2626  0.0070  4.2887  0.0089  3.8130  0.0130  3.8060  0.0130  0.4920  0.0540  0.4190  0.0550 -9.9900 -9.9900
CO_And                         F8_V         F8_V            3.655 10.83  0.52  0.1103  0.0025  0.1019  0.0025  0.2373  0.0053  0.2289  0.0044  4.0740  0.0110  4.0822  0.0089  3.7880  0.0090  3.7900  0.0090  0.5800  0.0380  0.5720  0.0380  0.0100  0.1500
V1130_Tau                      F2_V         F2_V            0.799  6.56  0.36  0.1159  0.0027  0.1436  0.0025  0.1729  0.0029  0.2509  0.0027  4.2080  0.0060  4.0800  0.0060  3.8220  0.0050  3.8210  0.0050  0.5900  0.0200  0.7400  0.0200 -0.2500  0.1000
TIC_193993801                  F8_V         none            1.431 11.27  0.67  0.1159  0.0050  0.0752  0.0066  0.2284  0.0036  0.1153  0.0057  4.0980  0.0060  4.2450  0.0110  3.8010  0.0030  3.7850  0.0030  0.6140  0.0130  0.3230  0.0180 -9.9900 -9.9900
V338_Vir                       F5_V         F6_IV           5.985  9.15  0.47  0.1164  0.0007  0.1804  0.0006  0.1855  0.0028  0.3738  0.0017  4.1830  0.0060  3.8710  0.0030  3.8180  0.0060  3.8080  0.0040  0.5990  0.0240  0.9340  0.0170 -0.1000  0.0600
CPD_-54_810                    none         none           26.132 10.45  0.41  0.1167  0.0017  0.0373  0.0014  0.2853  0.0007  0.0724  0.0014  3.9836  0.0012  4.3297  0.0026  3.8100  0.0030  3.8010  0.0030  0.7660  0.0110  0.3050  0.0120  0.0000  0.2000
FM_Leo                         F6_V         F6_V            6.729  8.47  0.49  0.1187  0.0002  0.1039  0.0001  0.2107  0.0006  0.1785  0.0008  4.1350  0.0010  4.1850  0.0010  3.8060  0.0040  3.8050  0.0040  0.6000  0.0150  0.5330  0.0150 -0.1100  0.0400
NP_Per                         F5_V         K5_e            2.229 11.24  0.70  0.1208  0.0029  0.0194  0.0019  0.1374  0.0041  0.0896  0.0046  4.2840  0.0080  4.2779  0.0089  3.8080  0.0060  3.6570  0.0150  0.4600  0.0250 -0.2370  0.0580  0.0200  0.0800
IT_Cas                         F5_V         F5_V            3.897 11.15  0.50  0.1220  0.0031  0.1212  0.0026  0.1918  0.0012  0.1907  0.0013  4.1765  0.0022  4.1778  0.0021  3.8290  0.0070  3.8290  0.0070  0.6530  0.0270  0.6510  0.0270 -9.9900 -9.9900
ASAS_J085002+1752.5            none         none            5.226 10.15  0.72  0.1225  0.0010  0.1967  0.0008  0.1962  0.0069  0.5081  0.0057  4.1680  0.0140  3.6190  0.0110  3.8170  0.0140  3.7580  0.0180 -9.9900 -9.9900 -9.9900 -9.9900 -0.0100  0.2700
UZ_Dra                         F7_V         G0_V            3.261  9.59  0.47  0.1271  0.0065  0.0899  0.0071  0.1173  0.0099  0.0607  0.0076  4.3300  0.0300  4.4000  0.0300  3.7930  0.0080  3.7770  0.0080  0.3500  0.0500  0.1800  0.0500 -9.9900 -9.9900
RT_CrB                         G5_IV        K0_IV           5.117 10.21  0.73  0.1281  0.0032  0.1332  0.0029  0.4175  0.0073  0.4692  0.0075  3.7310  0.0140  3.6320  0.0150  3.7620  0.0080  3.7100  0.0090  0.8380  0.0320  0.7360  0.0360 -9.9900 -9.9900
LX_Mus                         F5_V         F5_V           11.751  8.78  0.51  0.1282  0.0002  0.1317  0.0002  0.1287  0.0027  0.1449  0.0022  4.3090  0.0050  4.2800  0.0040  3.8150  0.0050  3.8170  0.0040  0.4730  0.0180  0.5130  0.0170  0.0900  0.0500
HD_22064                       F2_V         none            9.135  8.81  0.40  0.1287  0.0100 -0.2396  0.0075  0.1915  0.0039 -0.2255  0.0058  4.1840  0.0060  4.6500  0.0100  3.8300  0.0030  3.5680  0.0370  0.6580  0.0060 -1.1760  0.0120 -0.0500  0.1500
AQ_Ser                         F5_IV        F6_IV           1.687 10.65  0.51  0.1290  0.0077  0.1514  0.0067  0.3581  0.0027  0.3893  0.0048  3.8500  0.0090  3.8100  0.0120  3.8080  0.0070  3.8020  0.0070  0.9010  0.0270  0.9390  0.0420 -9.9900 -9.9900
RU_Cnc                         none         none           10.173 10.20  0.60  0.1294  0.0035  0.1508  0.0021  0.3400  0.0083  0.6936  0.0064  3.8880  0.0170  3.2020  0.0130  3.8170  0.0060  3.6780  0.0130 -9.9900 -9.9900 -9.9900 -9.9900 -0.2600  0.3400
ASAS_J171750-1915.3            none         none            3.137 10.99  0.64  0.1326  0.0008  0.1288  0.0010  0.2243  0.0018  0.2170  0.0016  4.1220  0.0030  4.1330  0.0030  3.8150  0.0090  3.8130  0.0090 -9.9900 -9.9900 -9.9900 -9.9900  0.0400  0.1200
V1143_Cyg                      F5_V         F5_V            7.641  5.89  0.47  0.1339  0.0013  0.1245  0.0013  0.1297  0.0052  0.1212  0.0053  4.3100  0.0300  4.3200  0.0400  3.8210  0.0130  3.8180  0.0150  0.5300  0.0600  0.5000  0.0700 -9.9900 -9.0000
BW_Aqr                         F7_V         F7_V            6.720 10.30  0.45  0.1377  0.0057  0.1670  0.0053  0.2388  0.0022  0.3161  0.0008  4.0982  0.0040  3.9731  0.0025  3.8100  0.0070  3.8020  0.0070  0.6690  0.0270  0.7960  0.0280 -0.0700  0.1100
ASAS_J052821+0338.5            K1_PMS       K3_PMS          3.873 11.70  0.90  0.1383  0.0035  0.1235  0.0026  0.2625  0.0024  0.2380  0.0025  4.0500  0.0100  4.0800  0.0100  3.7080  0.0090  3.6730  0.0090  0.3140  0.0340  0.1400  0.0350 -0.1500  0.1400
NGC_7142_V1                    none         none           15.651 14.86  0.83  0.1389  0.0028  0.1389  0.0028  0.2084  0.0013  0.2076  0.0013  4.1600  0.0030  4.1620  0.0030  3.7820  0.0140  3.7820  0.0140 -9.9900 -9.9900 -9.9900 -9.9900 -9.9900 -9.9900
AN_Cam                         F9_V         G2_IV          20.998  9.69  0.61  0.1399  0.0066  0.1467  0.0077  0.3343  0.0024  0.4226  0.0023  3.9095  0.0030  3.7400  0.0037  3.7820  0.0110  3.7600  0.0110  0.7500  0.0430  0.8390  0.0460 -9.9900 -9.9900
KIC_5193386                    none         none           21.378 14.26  0.84  0.1418  0.0113  0.0615  0.0075  0.6537  0.0031  0.1202  0.0030  3.2720  0.0180  4.2590  0.0140  3.6790  0.0090  3.8200  0.0100 -9.9900 -9.9900 -9.9900 -9.9900 -9.9900 -9.9900
KIC_9540226                    none         none          175.443 12.08  1.21  0.1430  0.0097  0.0065  0.0068  1.1281  0.0055  0.0145  0.0059  2.3260  0.0100  4.4160  0.0100  3.6610  0.0070  3.7650  0.0150  1.8540  0.0300  0.0420  0.0610 -0.3100  0.0900
V1200_Cen                      F5_V         none            2.483  8.50  0.46  0.1440  0.0056 -0.0638  0.0041  0.1483  0.0043  0.0622  0.0053  4.2855  0.0082  4.2496  0.0099  3.8190  0.0040  3.6510  0.0070  0.5250  0.0130 -0.3190  0.0250 -9.9900 -9.9900
VZ_Cep                         F3_V         G4_V            1.183  9.72  0.47  0.1467  0.0046  0.0444  0.0033  0.1858  0.0034  0.0179  0.0163  4.2130  0.0080  4.4460  0.0330  3.8240  0.0100  3.7570  0.0090  0.6340  0.0410  0.0260  0.0500 -9.9900 -9.9900
BN_Scl                         F7_V         F8_V            3.747  5.23  0.49  0.1482  0.0007  0.0948  0.0005  0.2634  0.0017  0.1399  0.0028  4.0590  0.0030  4.2560  0.0060  3.8000  0.0030  3.7950  0.0050  0.6800  0.0150  0.4150  0.0200 -0.2300  0.0600
KIC_6864859                    none         none           40.878 11.64  0.31  0.1495  0.0086  0.1316  0.0090  0.2188  0.0034  0.1629  0.0036  4.1500  0.0100  4.2440  0.0120  3.8130  0.0110  3.8160  0.0190 -9.9900 -9.9900 -9.9900 -9.9900 -9.9900 -9.9900
BK_Peg                         F8_V         F7_V            5.490  9.98  0.59  0.1504  0.0021  0.0993  0.0017  0.2984  0.0017  0.1685  0.0050  3.9920  0.0040  4.2010  0.0100  3.7970  0.0060  3.8010  0.0060  0.7400  0.0200  0.4900  0.0300 -0.1200  0.0700
BF_Dra                         F6_V         F6_V           11.211  9.76  0.59  0.1504  0.0009  0.1383  0.0009  0.3193  0.0025  0.2838  0.0027  3.9500  0.0050  4.0080  0.0050  3.8030  0.0110  3.8060  0.0100  0.8100  0.0400  0.7500  0.0400 -9.9900 -9.9900
AD_Boo                         F6_V         G0_V            2.069  9.38  0.44  0.1504  0.0028  0.0824  0.0022  0.2074  0.0038  0.0849  0.0036  4.1730  0.0080  4.3510  0.0070  3.8180  0.0080  3.7890  0.0080  0.6400  0.0300  0.2800  0.0400  0.1000  0.1500
V506_Oph                       F1_V         F1_V            1.060 11.41  0.21  0.1508  0.0031  0.1467  0.0028  0.2368  0.0025  0.2284  0.0031  4.1155  0.0061  4.1284  0.0067  3.8350  0.0100  3.8310  0.0070  0.7660  0.0390  0.7340  0.0280 -9.9900 -9.9900
ASAS_J163903-2847.2            none         none           23.310  9.85  0.59  0.1526  0.0012  0.0573  0.0008  0.3339  0.0012  0.0878  0.0014  3.9230  0.0020  4.3200  0.0030  3.8220  0.0050  3.8190  0.0250 -9.9900 -9.9900 -9.9900 -9.9900 -0.1900  0.1600
GK_Dra                         F1_V         F2_IV           9.974  8.77  0.35  0.1526  0.0037  0.2492  0.0069  0.2492  0.0069  0.4562  0.0043  4.1642  0.0044  3.7749  0.0083  3.8510  0.0040  3.8370  0.0040  0.7860  0.0180  1.2170  0.0170 -9.9900 -9.9900
BG_Ind                         F            F               1.464  6.13  0.50  0.1559  0.0061  0.1189  0.0083  0.3690  0.0035  0.2019  0.0090  3.8520  0.0080  4.1500  0.0120  3.8090  0.0020  3.8340  0.0020  0.9260  0.0090  0.6930  0.0200 -0.1900  0.0400
ASAS_J090232-5653.4            none         none           20.822 10.63  0.36  0.1572  0.0048  0.1374  0.0057  0.1838  0.0020  0.1436  0.0022  4.2010  0.0060  4.2440  0.0070  3.8470  0.0140  3.8250  0.0150  0.7360  0.0620  0.5850  0.0650 -0.1500  0.1300
OGLE-SMC-ECL-0970              G8_III       G9_III        191.551 17.93  1.06  0.1584  0.0060  0.1523  0.0031  1.2648  0.0071  1.3243  0.0041  2.0700  0.0100  1.9400  0.0100  3.6860  0.0060  3.6790  0.0060  2.2280  0.0280  2.3220  0.0270 -0.8300  0.0800
CD_Tau                         F6_V         F6_V            3.435  6.77  0.44  0.1590  0.0048  0.1361  0.0051  0.2548  0.0041  0.1998  0.0055  4.0870  0.0100  4.1740  0.0120  3.7920  0.0040  3.7920  0.0040 -9.9900 -9.9900 -9.9900 -9.9900  0.0800  0.1500
NN_Del                         F8           none           99.269  8.40  0.54  0.1597  0.0009  0.1227  0.0007  0.3412  0.0030  0.2063  0.0038  3.9150  0.0060  4.1480  0.0070  3.8090  0.0140  3.8130  0.0130  0.8680  0.0540  0.6150  0.0540 -9.9900 -9.9900
V570_Per                       F3_V         F5_V            1.901  8.09  0.46  0.1610  0.0019  0.1302  0.0020  0.1870  0.0099  0.1300  0.0103  4.2250  0.0200  4.3080  0.0210  3.8350  0.0030  3.8170  0.0030  0.6690  0.0230  0.4830  0.0240  0.0200  0.0300
OGLE-LMC-ECL-15260             G8_III       K2_III        157.469 16.92  1.36  0.1611  0.0054  0.1529  0.0049  1.3659  0.0080  1.6253  0.0095  1.8680  0.0160  1.3400  0.0190  3.6820  0.0120  3.6450  0.0080  2.4150  0.0500  2.7870  0.0380 -0.6300  0.1200
ASAS_J073507-0905.7            F5_V         none            1.446  9.32  0.45  0.1620  0.0102 -0.0926  0.0070  0.2135  0.0032 -0.0867  0.0058  4.1730  0.0050  4.5190  0.0100  3.8060  0.0070  3.6400  0.0110  0.6000  0.0300 -0.6600  0.0500 -0.2700  0.0800
DM_Vir                         F7_V         F7_V            4.669  8.73  0.47  0.1626  0.0024  0.1608  0.0024  0.2463  0.0042  0.2463  0.0042  4.1080  0.0090  4.1060  0.0090  3.8130  0.0070  3.8130  0.0070  0.7000  0.0300  0.7000  0.0300 -9.9900 -9.9900
KIC_8410637                    G_III        none          408.324 11.33  0.85  0.1679  0.0050  0.1169  0.0046  1.0251  0.0020  0.1920  0.0028  2.5560  0.0030  4.1710  0.0050  3.6630  0.0080  3.7830  0.0140  1.6560  0.0300  0.4680  0.0580  0.0200  0.0800
NGC_2506_V4                    none         none            2.868 14.65  0.39  0.1697  0.0021  0.0969  0.0035  0.3617  0.0026  0.1858  0.0054  3.8840  0.0070  4.1630  0.0120  3.8340  0.0060  3.8340  0.0060 -9.9900 -9.9900 -9.9900 -9.9900 -0.3600  0.1000
GX_Gem                         F7_V         F7_V            4.038 11.33  0.61  0.1726  0.0032  0.1664  0.0030  0.3668  0.0022  0.3499  0.0023  3.8770  0.0040  3.9040  0.0050  3.7920  0.0070  3.7900  0.0070  0.8600  0.0300  0.8200  0.0300 -0.1200  0.1000
HD_187669                      K0_III       K2.5_III       88.387  8.88  1.24  0.1772  0.0009  0.1775  0.0012  1.0542  0.0107  1.3545  0.0096  2.5070  0.0200  1.9070  0.0190  3.6670  0.0070  3.6360  0.0070  1.7320  0.0310  2.2070  0.0350 -0.2500  0.1000
HD_71636                       F2_V         F5_V            5.013  7.89  0.38  0.1778  0.0006  0.1079  0.0007  0.1995  0.0066  0.1186  0.0099  4.2200  0.0100  4.3100  0.0200  3.8420  0.0090  3.8090  0.0090  0.7210  0.0360  0.4280  0.0410 -9.9900 -9.9900
EPIC_219552514                 none         none            2.754 10.34  0.50  0.1787  0.0170 -0.1878  0.0100  0.3988  0.0050 -0.1858  0.0087  3.8220  0.0090  4.6240  0.0120  3.7910  0.0070  3.6030  0.0180  0.9130  0.0300 -1.0180  0.0750  0.0700  0.0300
KIC_6778289                    none         none           30.130 13.09  0.45  0.1796  0.0063  0.0382  0.0076  0.2425  0.0022 -0.0009  0.0022  4.1330  0.0080  4.4790  0.0100  3.8340  0.0100  3.8610  0.0260 -9.9900 -9.9900 -9.9900 -9.9900 -9.9900 -9.9900
KIC_5640750                    none         none          987.398 11.88  1.24  0.1804  0.0095  0.1113  0.0057  1.1480  0.0037  0.2679  0.0054  2.3230  0.0070  4.0140  0.0100  3.6560  0.0070  3.7670  0.0150  1.8710  0.0290  0.5550  0.0600 -0.2900  0.0900
OGLE-LMC-ECL-12933             G7_III       K2_III        125.395 17.38  1.37  0.1807  0.0054  0.1801  0.0049  1.2385  0.0055  1.5612  0.0037  2.1420  0.0110  1.4960  0.0070  3.6900  0.0180  3.6500  0.0150  2.1930  0.0730  2.6790  0.0590 -0.3800  0.1300
RZ_Cha                         F5_V         F5_V            2.832  8.10  0.47  0.1813  0.0060  0.1787  0.0078  0.3549  0.0033  0.3549  0.0033  3.9090  0.0090  3.9070  0.0100  3.8100  0.0100  3.8100  0.0100  0.9000  0.0400  0.9000  0.0400 -9.9900 -9.9900
EY_Cep                         F0_V         F0_V            7.971  9.80  0.27  0.1827  0.0023  0.1755  0.0041  0.1652  0.0024  0.1667  0.0030  4.2900  0.0060  4.2800  0.0060  3.8510  0.0100  3.8430  0.0100  0.6900  0.0400  0.6600  0.0400 -9.9900 -9.9900
HIP_7666                       A5           none            2.372  9.64  0.40  0.1847  0.0085  0.0899  0.0106  0.3181  0.0042  0.0253  0.0082  3.9800  0.0200  4.4700  0.0200  3.8510  0.0060  3.7800  0.0050  0.9900  0.0300  0.1300  0.0400 -0.1300  0.0500
HD_32129                       F3_V         G2_V           16.412  9.09  0.54  0.1872  0.0010  0.0289  0.0008  0.2724  0.0012 -0.0055  0.0022  4.0800  0.0030  4.4780  0.0060  3.8270  0.0040  3.7600  0.0070  0.8060  0.0160 -0.0130  0.0310  0.1900  0.0700
KIC_11285625                   early_F      early_F        10.790 10.16  0.39  0.1884  0.0037  0.0792  0.0058  0.3269  0.0020  0.1679  0.0041  3.9730  0.0060  4.1800  0.0100  3.8430  0.0060  3.8570  0.0120 -9.9900 -9.9900 -9.9900 -9.9900 -0.5800  0.1500
BT_Vul                         F0_V         F7_V            1.141 11.69  0.31  0.1886  0.0028  0.0862  0.0028  0.1864  0.0051  0.0611  0.0109  4.2540  0.0110  4.4030  0.0220  3.8620  0.0090  3.7970  0.0120  0.7720  0.0380  0.2600  0.0550 -9.9900 -9.9900
ZZ_Boo                         F3_V         F3_V            4.992  6.78  0.36  0.1923  0.0022  0.2038  0.0033  0.3144  0.0012  0.3434  0.0012  4.0016  0.0019  3.9550  0.0023  3.8270  0.0060  3.8250  0.0060  0.8930  0.0260  0.9430  0.0260 -9.9900 -9.9900
V442_Cyg                       F1_V         F2_V            2.386  9.72  0.32  0.1942  0.0067  0.1492  0.0071  0.3164  0.0071  0.2206  0.0086  3.9990  0.0160  4.1460  0.0190  3.8390  0.0060  3.8330  0.0060  0.9400  0.0300  0.7200  0.0300 -9.9900 -9.9900
PV_Pup                         A8_V         A8_V            1.661  6.89  0.32  0.1945  0.0031  0.1915  0.0036  0.1881  0.0051  0.1758  0.0052  4.2570  0.0100  4.2780  0.0110  3.8400  0.0190  3.8410  0.0190  0.6900  0.0800  0.6700  0.0800 -9.9900 -9.9900
CW_Eri                         F2_V         F5_V            2.728  8.43  0.36  0.1953  0.0044  0.1186  0.0033  0.3232  0.0015  0.1706  0.0015  3.9869  0.0026  4.2156  0.0022  3.8350  0.0060  3.8170  0.0060  0.9410  0.0220  0.5640  0.0260 -9.9900 -9.9900
IO_Aqr                         F5_V-IV      F6_V-IV         2.368  8.86  0.48  0.1956  0.0011  0.2188  0.0010  0.3406  0.0030  0.3967  0.0030  3.9520  0.0060  3.8630  0.0060  3.8110  0.0090  3.8020  0.0090  0.8800  0.0320  0.9540  0.0310 -9.9900 -9.9900
KIC_9777062                    Am           none           19.230 12.26  0.37  0.2049  0.0046  0.1520  0.0028  0.2415  0.0010  0.1886  0.0008  4.1600  0.0030  4.2130  0.0020  3.8860  0.0080  3.8540  0.0060 -9.9900 -9.9900 -9.9900 -9.9900 -0.0300  0.1300
V1022_Cas                      F6_V         F6_V           12.156  5.56  0.47  0.2111  0.0003  0.2060  0.0003  0.4099  0.0035  0.3883  0.0039  3.8300  0.0200  3.8700  0.0100  3.8030  0.0100  3.8080  0.0100  0.9850  0.0490  0.9610  0.0460 -9.9900 -9.9900
FS_Mon                         F2_V         F4_V            1.906  9.60  0.90  0.2127  0.0032  0.1649  0.0030  0.3120  0.0025  0.2119  0.0032  4.0260  0.0050  4.1790  0.0060  3.8270  0.0060  3.8160  0.0070  0.8880  0.0260  0.6440  0.0260 -9.9900 -9.9900
V501_Mon                       A6m          F0              7.021 12.32  0.57  0.2163  0.0011  0.1640  0.0007  0.2760  0.0067  0.2019  0.0076  4.1030  0.0130  4.1990  0.0160  3.8760  0.0060  3.8450  0.0060  1.0070  0.0270  0.7430  0.0430  0.0100  0.0600
CoRoT_102918586                none         none            4.391 12.45  0.42  0.2201  0.0052  0.1732  0.0087  0.2148  0.0026  0.1703  0.0029  4.2300  0.0100  4.2700  0.0100  3.8680  0.0050  3.8510  0.0070 -9.9900 -9.9900 -9.9900 -9.9900  0.1100  0.0500
KIC_9850387                    F1_V         none            2.748 13.67  0.48  0.2201  0.0026  0.0261  0.0016  0.3332  0.0006  0.0338  0.0012  3.9920  0.0030  4.3960  0.0030  3.8650  0.0050  3.7900  0.0050 -9.9900 -9.9900 -9.9900 -9.9900 -0.2000  0.0500
OGLE_SMC126.1_210              K2_III       K1_III        634.999 16.77  1.20  0.2238  0.0096  0.2225  0.0102  1.6387  0.0102  1.5911  0.0109  1.3850  0.0290  1.4790  0.0310  3.6510  0.0070  3.6540  0.0070  2.8360  0.0470  2.7520  0.0490 -0.8700  0.1500
KIC_2557430                    F2_V         F9_V            1.298 11.63  0.58  0.2279  0.0077  0.1303  0.0064  0.2742  0.0046  0.0899  0.0106  4.1160  0.0090  4.3860  0.0190  3.8480  0.0110  3.7820  0.0500  0.8990  0.0380  0.2490  0.0750 -0.0200  0.1100
BD_+47_378                     F0_V         K4_V            2.145 10.11  0.49  0.2279  0.0077 -0.0969  0.0109  0.3010  0.0022 -0.1079  0.0056  4.0680  0.0030  4.5520  0.0060  3.8540  0.0060  3.6640  0.0090  0.9680  0.0250 -0.6000  0.0380 -9.9900 -9.9900
EPIC_211982753                 none         none            5.390  8.77  0.30  0.2279  0.0051  0.2014  0.0055  0.2201  0.0052  0.1847  0.0057  4.2260  0.0100  4.2700  0.0110  3.8700  0.0150  3.8440  0.0160  0.8750  0.0100  0.7030  0.0130 -9.9900 -9.9900
DS_And                         F1_III       G2_V            1.011 10.44  0.39  0.2284  0.0028  0.0734  0.0011  0.3395  0.0018  0.0792  0.0022  3.9870  0.0170  4.3530  0.0040  3.8490  0.0090  3.7960  0.0140  0.9570  0.0030  0.2250  0.0030 -0.0300  0.0200
ASAS_J060505+2032.1            none         none            2.121 11.93  0.58  0.2345  0.0056  0.2297  0.0072  0.3113  0.0021  0.3028  0.0024  4.0500  0.0030  4.0620  0.0040  3.8700  0.0250  3.8700  0.0220 -9.9900 -9.9900 -9.9900 -9.9900 -0.1200  0.3100
BD_+37_410                     F4_III       none           15.535  9.94  0.38  0.2348  0.0028  0.0700  0.0018  0.4622  0.0019  0.0741  0.0018  3.7480  0.0040  4.3600  0.0030  3.8210  0.0130  3.8010  0.0140 -9.9900 -9.9900 -9.9900 -9.9900 -0.0300  0.0200
HW_CMa                         A7_Vm        A7_Vm          21.118 10.00  0.19  0.2358  0.0028  0.2507  0.0029  0.2156  0.0048  0.2206  0.0055  4.2420  0.0100  4.2470  0.0110  3.8790  0.0090  3.8860  0.0080  0.8980  0.0360  0.9400  0.0350  0.3300  0.1500
OGLE-SMC-ECL-0019              G4_III       G5_III        143.393 17.92  0.99  0.2380  0.0075  0.2279  0.0077  1.2253  0.0103  1.2742  0.0139  2.2300  0.0200  2.1200  0.0300  3.7160  0.0080  3.7080  0.0090  2.2700  0.0400  2.3340  0.0440 -0.5600  0.0800
KIC_10031808                   none         none            8.590  9.56  0.45  0.2408  0.0022  0.2548  0.0031  0.4133  0.0034  0.4810  0.0020  3.8520  0.0060  3.7310  0.0040  3.8520  0.0070  3.8350  0.0070  1.1850  0.0270  1.2540  0.0270 -0.1100  0.0800
KIC_9851944                    F1_V         F1_IV           2.164 11.42  0.47  0.2428  0.0025  0.2709  0.0023  0.4036  0.0045  0.4744  0.0064  3.8740  0.0090  3.7600  0.0130  3.8430  0.0030  3.8350  0.0020  1.1330  0.0140  1.2440  0.0160 -9.9900 -9.9900
V572_Per                       A0_V         none            1.213  6.71  0.08  0.2455  0.0074  0.1430  0.0094  0.2253  0.0078  0.1106  0.0135  4.2300  0.0200  4.3600  0.0300  3.9000  0.0300  3.8200  0.0400 -9.9900 -9.9900 -9.9900 -9.9900 -9.9900 -9.9900
EI_Cep                         F3_IV        F1_V            8.439  7.61  0.33  0.2485  0.0017  0.2253  0.0016  0.4618  0.0072  0.3672  0.0082  3.7630  0.0140  3.9290  0.0160  3.8290  0.0070  3.8420  0.0060  1.1930  0.0300  1.0550  0.0300 -9.9900 -9.9900
XY_Cet                         A8_Vm        F0_Vm           2.781  8.80  0.29  0.2487  0.0039  0.2082  0.0038  0.2725  0.0081  0.2487  0.0071  4.1420  0.0160  4.1490  0.0140  3.8960  0.0060  3.8820  0.0070  1.0820  0.0300  0.9780  0.0320 -9.9900 -9.9900
IM_Per                         A8_V         A8_V            2.254 11.28  0.70  0.2512  0.0023  0.2490  0.0024  0.3818  0.0032  0.3740  0.0031  3.9258  0.0067  3.9394  0.0068  3.8800  0.0090  3.8790  0.0090  1.2350  0.0350  1.2170  0.0360 -9.9900 -9.9900
OGLE-LMC-ECL-03160             G7_III       K2_III        150.154 17.13  1.31  0.2533  0.0039  0.2558  0.0043  1.2312  0.0071  1.5731  0.0028  2.2290  0.0140  1.5480  0.0050  3.6930  0.0090  3.6480  0.0070  2.1880  0.0400  2.6950  0.0280 -0.6800  0.1800
GW_Eri                         A4_Vm        A4_Vm           3.659  5.80  0.18  0.2537  0.0014  0.2496  0.0013  0.2620  0.0038  0.2543  0.0036  4.1680  0.0070  4.1790  0.0070  3.9230  0.0040  3.9130  0.0040  1.1490  0.0180  1.1140  0.0200  0.5100  0.1500
MY_Cyg                         F0_Vm        F0_Vm           4.005  8.31  0.30  0.2601  0.0072  0.2553  0.0072  0.3464  0.0039  0.3579  0.0038  4.0100  0.0100  3.9800  0.0100  3.8510  0.0120  3.8470  0.0120  1.0500  0.0400  1.0600  0.0500 -9.9900 -9.9900
OGLE-LMC-ECL-12875             G8_III       K2.5_III      152.850 17.32  1.39  0.2627  0.0047  0.2690  0.0054  1.1937  0.0036  1.6109  0.0034  2.3130  0.0070  1.4860  0.0060  3.6850  0.0090  3.6420  0.0110  2.0830  0.0360  2.7440  0.0440 -0.4800  0.1500
HY_Vir                         F0m          F5_V            2.732  7.81  0.42  0.2643  0.0021  0.1474  0.0019  0.4481  0.0012  0.1816  0.0023  3.8060  0.0030  4.2220  0.0040  3.8360  0.0080  3.8160  0.0080  1.2000  0.0400  0.5800  0.0400 -9.9900 -9.9900
OGLE-LMC-ECL-12669             K0.5_III     G9_III        749.632 17.21  1.20  0.2655  0.0068  0.2927  0.0066  1.3833  0.0061  1.3685  0.0056  1.9370  0.0120  1.9940  0.0110  3.6660  0.0080  3.6730  0.0090  2.3840  0.0340  2.3860  0.0380 -0.3000  0.1400
OGLE_SMC130.5_4296             G7_III       K1_III        120.468 16.78  1.10  0.2681  0.0059  0.2565  0.0065  1.4055  0.0043  1.6628  0.0033  1.8950  0.0140  1.3690  0.0130  3.6910  0.0070  3.6550  0.0070  2.5290  0.0360  2.8980  0.0360 -0.8800  0.1500
RS_Cha                         A8_V         A8_V            1.670  6.03  0.20  0.2690  0.0037  0.2603  0.0043  0.3298  0.0112  0.3688  0.0102  4.0470  0.0230  3.9610  0.0210  3.9060  0.0100  3.8860  0.0100  1.2400  0.0500  1.2400  0.0500  0.1700  0.0700
V456_Cyg                       A2m          F3_V            0.892 10.85  0.31  0.2693  0.0096  0.1976  0.0102  0.2009  0.0041  0.1781  0.0046  4.3060  0.0060  4.2790  0.0080  3.8890  0.0060  3.8600  0.0070 -9.9900 -9.9900 -9.9900 -9.9900 -9.9900 -9.9900
KIC_4076952                    none         none            9.762 13.88  0.82  0.2695  0.0070  0.1367  0.0063  0.4883  0.0023  0.1617  0.0024  3.7420  0.0110  4.2510  0.0110  3.8190  0.0150  3.8250  0.0150 -9.9900 -9.9900 -9.9900 -9.9900 -9.9900 -9.9900
KIC_3858884                    none         none           25.952  9.45  0.61  0.2742  0.0069  0.2695  0.0093  0.5378  0.0013  0.4843  0.0014  3.6300  0.0100  3.7400  0.0100  3.8330  0.0040  3.8200  0.0050 -9.9900 -9.9900 -9.9900 -9.9900 -9.9900 -9.9900
V392_Car                       A2_V         A2_V            3.175  9.48  0.21  0.2788  0.0055  0.2679  0.0056  0.2109  0.0080  0.2044  0.0084  4.2860  0.0170  4.3100  0.0240  3.9470  0.0100  3.9370  0.0100 -9.9900 -9.9900 -9.9900 -9.9900 -9.9900 -9.9900
AY_Cam                         none         none            2.735  9.90  0.36  0.2790  0.0091  0.2317  0.0092  0.4426  0.0031  0.3064  0.0032  3.8320  0.0150  4.0570  0.0160  3.8600  0.0150  3.8690  0.0200  1.2800  0.0060  1.0420  0.0060 -9.9900 -9.9900
WW_Cam                         A4_Vm        A4_Vm           2.274 10.14  0.47  0.2833  0.0029  0.2725  0.0042  0.2813  0.0036  0.2572  0.0034  4.1590  0.0080  4.1960  0.0090  3.9220  0.0070  3.9160  0.0070  1.2000  0.0300  1.1300  0.0300 -9.9900 -9.9900
V362_Pav                       A4_V         K               2.748  7.40  0.18  0.2869  0.0040 -0.0571  0.0025  0.3411  0.0018 -0.0743  0.0029  4.0430  0.0040  4.5300  0.0060  3.9140  0.0040  3.6950  0.0180  1.2920  0.0160 -0.4090  0.0670  0.0200  0.1500
RR_Lyn                         A6_IVm       F0_Vm:          9.945  5.54  0.22  0.2877  0.0015  0.1790  0.0009  0.4089  0.0032  0.2076  0.0035  3.9078  0.0063  4.2017  0.0071  3.8900  0.0120  3.8560  0.0120  1.3340  0.0350  0.7950  0.0490 -9.9900 -9.9900
AI_Hya                         F2_m         F0_V            8.290  9.36  0.36  0.2900  0.0074  0.3214  0.0073  0.4400  0.0024  0.5869  0.0024  3.8480  0.0030  3.5860  0.0030  3.8860  0.0060  3.8560  0.0140  1.3810  0.0340  1.5540  0.0350  0.1400  0.1400
V788_Cen                       A7_IV        A9_V            4.966  5.74  0.25  0.2927  0.0015  0.1893  0.0010  0.4366  0.0016  0.2154  0.0029  3.8580  0.0040  4.1970  0.0090  3.8930  0.0060  3.8700  0.0070  1.4010  0.0240  0.8640  0.0290  0.5000  0.2000
WW_Aur                         A4_Vm        A5_Vm           2.525  5.87  0.14  0.2931  0.0015  0.2586  0.0017  0.2849  0.0025  0.2651  0.0026  4.1620  0.0070  4.1670  0.0070  3.9010  0.0240  3.8850  0.0240  1.1290  0.0920  1.0230  0.0930 -9.9900 -9.9900
V2365_Oph                      A1_V         none            4.866  8.86  0.26  0.2934  0.0038  0.0237  0.0041  0.3404  0.0018 -0.0297  0.0019  4.0510  0.0030  4.5210  0.0040  3.9780  0.0090  3.8060  0.0140  1.5440  0.0500  0.1210  0.0100 -9.9900 -9.9900
KW_Hya                         A5_Vm        F0_V            7.750  6.11  0.17  0.2956  0.0062  0.1723  0.0038  0.3272  0.0031  0.1581  0.0066  4.0790  0.0130  4.2700  0.0100  3.9030  0.0110  3.8430  0.0130  1.2210  0.0440  0.6400  0.0540 -9.9900 -9.9900
VV_Crv                         F5_IV        F5_V            3.145  5.27  0.42  0.2962  0.0022  0.1798  0.0023  0.5283  0.0013  0.2175  0.0021  3.6780  0.0060  4.1830  0.0090  3.8130  0.0130  3.8220  0.0130  1.2610  0.0540  0.6760  0.0540 -9.9900 -9.9900
V885_Cyg                       A3_m         A4_m            1.695 10.03  0.15  0.3021  0.0063  0.3491  0.0051  0.3701  0.0022  0.5296  0.0033  4.0000  0.0070  3.7280  0.0080  3.9230  0.0080  3.9110  0.0080  1.3800  0.0300  1.6600  0.0300 -9.9900 -9.9900
V459_Cas                       A1_m         A1_m            8.458 10.37  0.20  0.3054  0.0065  0.2923  0.0066  0.3030  0.0028  0.2934  0.0029  4.1360  0.0060  4.1440  0.0060  3.9610  0.0140  3.9590  0.0140  1.4100  0.0500  1.3800  0.0600 -9.9900 -9.9900
EK_Cep                         A2_V         G5_Vp           4.428  7.87  0.04  0.3073  0.0049  0.0508  0.0046  0.1984  0.0019  0.1189  0.0020  4.3490  0.0100  4.2510  0.0060  3.9540  0.0100  3.7560  0.0150  1.1700  0.0400  0.2100  0.0600  0.0700  0.0500
OGLE-BLG-ECL-123903            K2_III       K2_III        118.531 16.90  0.99  0.3107  0.0057  0.3168  0.0048  0.9795  0.0022  0.9567  0.0029  2.7900  0.0110  2.8410  0.0120  3.6790  0.0120  3.6800  0.0160  1.6330  0.0710  1.5910  0.0670  0.2400  0.1800
TV_Nor                         none         none            8.524  9.00  0.30  0.3124  0.0047  0.2214  0.0047  0.2646  0.0028  0.1903  0.0039  4.2210  0.0100  4.2780  0.0120  3.9600  0.0070  3.8920  0.0060  1.3250  0.0340  0.9020  0.0350 -9.9900 -9.9900
TZ_For                         G8_III       F7_III         75.666  6.88  0.97  0.3132  0.0002  0.2918  0.0002  0.9212  0.0057  0.5988  0.0088  2.9150  0.0230  3.5390  0.0370  3.6930  0.0030  3.8030  0.0050  1.5700  0.0200  1.3600  0.0300  0.0200  0.0500
V596_Pup                       A1_V         A1_V            4.596  6.58  0.00  0.3224  0.0045  0.3220  0.0039  0.3359  0.0040  0.3359  0.0040  4.0890  0.0090  4.0880  0.0090  3.9780  0.0090  3.9780  0.0090  1.5400  0.0400  1.5400  0.0400 -9.9900 -9.9900
V335_Ser                       A1_V         A3_V            3.450  7.49  0.14  0.3318  0.0028  0.2801  0.0018  0.3075  0.0064  0.2380  0.0100  4.1550  0.0110  4.2410  0.0170  3.9550  0.0070  3.9300  0.0080  1.3900  0.0300  1.1500  0.0400 -9.9900 -9.9900
EE_Peg                         A3_m         F5_V            2.628  6.97  0.08  0.3326  0.0048  0.1245  0.0036  0.3201  0.0052  0.1179  0.0043  4.1310  0.0100  4.3270  0.0080  3.9400  0.0100  3.8100  0.0200  1.3520  0.0410  0.4270  0.0820 -9.9900 -9.9900
V889_Aql                       B9.5_V       B9.5_V         11.121  8.58  0.19  0.3365  0.0040  0.3284  0.0041  0.2718  0.0093  0.2672  0.0094  4.2300  0.0200  4.2300  0.0200  3.9640  0.0050  3.9580  0.0050  1.3540  0.0270  1.3200  0.0290 -9.9900 -9.9900
FT_Ori                         A0_Vm        A2_Vm           3.150  9.26  0.10  0.3389  0.0044  0.2512  0.0049  0.2695  0.0030  0.2084  0.0035  4.2370  0.0060  4.2720  0.0070  3.9820  0.0180  3.9350  0.0150  1.4860  0.0230  1.1790  0.0250 -9.9900 -9.9900
KIC_9246715                    none         none          171.277  9.58  1.05  0.3398  0.0007  0.3344  0.0006  0.9289  0.0061  0.9138  0.0048  2.9200  0.0130  2.9450  0.0090  3.6890  0.0040  3.6910  0.0050  1.5670  0.0220  1.5430  0.0220  0.0100  0.0300
V1647_Sgr                      A1_V         A1_V            3.283  6.94 -0.01  0.3402  0.0073  0.2949  0.0073  0.2627  0.0043  0.2217  0.0044  4.2530  0.0120  4.2890  0.0120  3.9820  0.0140  3.9590  0.0140  1.4100  0.0500  1.2300  0.0600 -9.9900 -9.9900
PT_Vel                         A0_V         A8_V            1.802  7.03  0.05  0.3420  0.0032  0.2111  0.0024  0.3210  0.0041  0.1928  0.0056  4.1380  0.0080  4.2630  0.0110  3.9660  0.0070  3.8830  0.0100  1.4610  0.0380  0.8750  0.0250 -9.9900 -9.9900
EG_Ser                         A2_V         A4_V            9.947  9.24  0.17  0.3424  0.0099  0.2989  0.0109  0.2458  0.0032  0.2133  0.0035  4.2900  0.0100  4.3100  0.0100  3.9440  0.0100  3.9200  0.0100  1.2200  0.0300  1.0600  0.0460 -9.9900 -9.9900
GZ_CMa                         A3_Vm        A4:_V           4.801  7.98  0.06  0.3436  0.0037  0.3021  0.0039  0.3965  0.0056  0.3286  0.0075  3.9890  0.0120  4.0830  0.0160  3.9450  0.0170  3.9310  0.0170  1.5300  0.0700  1.3300  0.0700 -9.9900 -9.9900
OGLE-LMC-ECL-25658             G8_III       G9_III        192.789 17.00  1.17  0.3485  0.0047  0.3483  0.0045  1.3304  0.0030  1.4411  0.0030  2.1260  0.0060  1.9040  0.0060  3.6850  0.0060  3.6740  0.0070  2.3540  0.0270  2.5330  0.0280 -0.4800  0.1300
SW_CMa                         A4_m         A5_m           10.092  9.72  0.13  0.3501  0.0027  0.3230  0.0037  0.4791  0.0029  0.3971  0.0073  3.8298  0.0065  3.9670  0.0150  3.9140  0.0080  3.9080  0.0080  1.5660  0.0320  1.3800  0.0350  0.5500  0.1500
CoRoT_105906206                none         none            3.695 11.78  0.70  0.3522  0.0077  0.1106  0.0101  0.6274  0.0020  0.1271  0.0032  3.5300  0.0100  4.3000  0.0200  3.8290  0.0100  3.7890  0.0110  1.5300  0.0400  0.3600  0.0500  0.0000  0.1000
OT_And                         A0_V         F5_V           20.853  7.89  0.38  0.3528  0.0027  0.3318  0.0022  0.5006  0.0018  0.4231  0.0025  3.7900  0.0100  3.9200  0.0100  3.9030  0.0110  3.9110  0.0110  1.5680  0.0460  1.4470  0.0470 -9.9900 -9.9900
YZ_Cas                         A1_Vm        F2_V            4.467  5.64  0.03  0.3547  0.0023  0.1222  0.0023  0.4023  0.0019  0.1242  0.0020  3.9880  0.0040  4.3110  0.0040  3.9790  0.0050  3.8380  0.0150  1.6720  0.0220  0.5520  0.0610  0.1000  0.0600
OGLE-SMC-ECL-0439              G2_III       G2_III        279.266 18.06  0.90  0.3560  0.0057  0.3598  0.0057  1.1614  0.0150  1.1875  0.0141  2.4700  0.0300  2.4200  0.0300  3.7200  0.0080  3.7210  0.0080  2.1580  0.0420  2.2150  0.0430 -1.2500  0.0800
V1229_Tau                      A0_V         A_Vm            2.460  6.84  0.08  0.3566  0.0021  0.2028  0.0022  0.2550  0.0046  0.1492  0.0065  4.2850  0.0090  4.3420  0.0130  4.0090  0.0040  3.8850  0.0050  1.4990  0.0180  0.7920  0.0230  0.0600  0.0500
V624_Her                       A3_Vm        A7_V            3.895  6.20  0.14  0.3583  0.0029  0.2744  0.0030  0.4814  0.0049  0.3442  0.0067  3.8340  0.0100  4.0240  0.0140  3.9110  0.0080  3.9000  0.0080  1.5600  0.0300  1.2400  0.0400 -9.9900 -9.9900
SZ_Cen                         A7_V         A7_V            4.108  8.48  0.22  0.3649  0.0049  0.3574  0.0040  0.6584  0.0031  0.5592  0.0031  3.4860  0.0080  3.6770  0.0070  3.8750  0.0170  3.8920  0.0170  1.7700  0.0700  1.6400  0.0700 -9.9900 -9.9900
V364_Lac                       A7_m         A7_m            7.352  8.36  0.18  0.3679  0.0028  0.3610  0.0047  0.5194  0.0050  0.4749  0.0051  3.7670  0.0100  3.8490  0.0110  3.9170  0.0080  3.9290  0.0080  1.6570  0.0330  1.6200  0.0320 -9.9900 -9.9900
V541_Cyg                       B9.5_V       B9.5_V         15.338 10.44 -0.06  0.3683  0.0028  0.3541  0.0029  0.2693  0.0026  0.2572  0.0034  4.2675  0.0051  4.2770  0.0064  4.0270  0.0080  4.0150  0.0080  1.6010  0.0330  1.5280  0.0350 -9.9900 -9.9900
GG_Ori                         A2_V         A2_V            6.631 10.43  0.49  0.3696  0.0030  0.3688  0.0032  0.2676  0.0059  0.2625  0.0059  4.2720  0.0120  4.2820  0.0120  3.9980  0.0090  3.9980  0.0090  1.4800  0.0370  1.4700  0.0370 -9.9900 -9.9900
OGLE-SMC-ECL-3529              F8_III       G3_III        234.326 17.12  0.80  0.3729  0.0055  0.3945  0.0088  1.1004  0.0138  1.3243  0.0062  2.6100  0.0300  2.1800  0.0100  3.7660  0.0070  3.7230  0.0150  2.2200  0.0420  2.4980  0.0610 -0.9300  0.1000
beta_Aur                       A1_Vm        A1_Vm           3.960  1.89  0.04  0.3758  0.0049  0.3600  0.0051  0.4412  0.0027  0.4096  0.0029  3.9320  0.0050  3.9790  0.0050  3.9710  0.0090  3.9640  0.0090  1.7210  0.0380  1.6300  0.0380 -9.9900 -9.9900
V396_Cas                       A1_V         A3_V            5.505  9.56  0.06  0.3798  0.0040  0.2790  0.0037  0.4136  0.0022  0.2502  0.0024  3.9900  0.0040  4.2160  0.0050  3.9650  0.0070  3.9320  0.0060  1.6420  0.0280  1.1830  0.0240 -9.9900 -9.9900
OGLE-LMC-ECL-09678             G4_III       G9_III        114.450 17.22  1.20  0.3802  0.0052  0.4064  0.0053  1.1389  0.0050  1.4857  0.0040  2.5400  0.0100  1.8730  0.0080  3.7190  0.0070  3.6730  0.0080  2.1070  0.0270  2.6160  0.0350 -0.3800  0.1600
OGLE-SMC-ECL-2761              F9_III       G0_III        150.364 17.30  0.82  0.3874  0.0071  0.3766  0.0055  1.2380  0.0075  1.2430  0.0099  2.3500  0.0100  2.3300  0.0200  3.7510  0.0090  3.7470  0.0090  2.4310  0.0400  2.4280  0.0420 -0.7300  0.0900
V1031_Ori                      A3_V         A6_V            3.406  6.02  0.18  0.3932  0.0032  0.3591  0.0030  0.6356  0.0034  0.4738  0.0093  3.5600  0.0080  3.8500  0.0190  3.8950  0.0280  3.9240  0.0260  1.8000  0.1100  1.6000  0.1100 -9.9900 -9.9900
TZ_Men                         A0_V         A8_V            8.570  6.19 -0.06  0.3957  0.0044  0.1772  0.0029  0.3045  0.0043  0.1559  0.0045  4.2250  0.0110  4.3030  0.0090  4.0170  0.0170  3.8570  0.0180  1.6300  0.0700  0.6900  0.0700 -9.9900 -9.9900
WX_Cep                         A2_V         A5_V            3.378  9.03  0.11  0.4047  0.0086  0.3672  0.0084  0.6014  0.0033  0.4331  0.0037  3.6400  0.0110  3.9390  0.0110  3.9110  0.0120  3.9490  0.0120  1.8000  0.0500  1.6200  0.0500 -9.9900 -9.9900
AR_Aur                         B9_V         B9_V            4.135  6.17  0.04  0.4055  0.0015  0.3725  0.0015  0.2550  0.0031  0.2634  0.0045  4.3330  0.0080  4.2840  0.0100  4.0390  0.0120  4.0150  0.0130  1.6100  0.0500  1.5300  0.0500 -9.9900 -9.9900
OGLE-SMC-ECL-2876              G0_III       G4_III        120.867 17.49  0.50  0.4082  0.0068  0.3997  0.0052  1.2175  0.0105  1.2380  0.0100  2.4100  0.0200  2.3600  0.0200  3.7450  0.0080  3.7120  0.0080  2.3710  0.0370  2.2790  0.0340 -0.4300  0.0800
OGLE-SMC-ECL-1859              G0_III       G7_III         75.544 17.69  0.92  0.4116  0.0051  0.3945  0.0035  1.2095  0.0080  1.2718  0.0070  2.4300  0.0200  2.2900  0.0100  3.7440  0.0080  3.6950  0.0090  2.3500  0.0350  2.2760  0.0370 -0.2100  0.2200
V4089_Sgr                      A2_IV        A3_V            4.627  6.00  0.09  0.4123  0.0020  0.2060  0.0022  0.5981  0.0022  0.2055  0.0019  3.6540  0.0050  4.2330  0.0040  3.9260  0.0050  3.8670  0.0060 -9.9900 -9.9900 -9.9900 -9.9900 -9.9900 -9.9900
HD_96609                       B9           none            8.192  8.61  0.02  0.4249  0.0033  0.2648  0.0024  0.4378  0.0010  0.2297  0.0013  3.9870  0.0010  4.2430  0.0020  3.9850  0.0110  3.9520  0.0120  1.7600  0.0400  1.2200  0.0400  0.0200  0.0600
OGLE-SMC-ECL-0727              G3_III       G8_III        316.572 18.11  1.04  0.4281  0.0065  0.4099  0.0068  1.1644  0.0059  1.3096  0.0064  2.5300  0.0100  2.2300  0.0100  3.7240  0.0080  3.6840  0.0080  2.1820  0.0340  2.3100  0.0340 -0.8900  0.0800
OGLE-LMC-ECL-05430             G9_III       G9_III        505.183 16.61  1.20  0.4341  0.0027  0.5281  0.0023  1.4622  0.0054  1.5396  0.0035  1.9480  0.0110  1.8870  0.0070  3.6730  0.0060  3.6780  0.0060  2.5720  0.0280  2.7440  0.0250 -0.3700  0.1000
OGLE-SMC-ECL-1421              G2_III       G6_III        102.834 17.18  0.77  0.4346  0.0032  0.4548  0.0030  1.2480  0.0074  1.3766  0.0036  2.3700  0.0100  2.1400  0.0100  3.7320  0.0080  3.7010  0.0080  2.3800  0.0340  2.5120  0.0330 -1.0500  0.1100
OGLE-LMC-ECL-24887             G5_III       G6_III         94.844 17.68  1.16  0.4389  0.0074  0.4736  0.0066  1.2156  0.0069  1.2512  0.0073  2.4460  0.0140  2.4090  0.0140  3.7100  0.0070  3.7050  0.0070  2.2250  0.0310  2.2760  0.0320 -0.2200  0.1200
PV_Cas                         B9.5_V       B9.5_V          1.750  9.74  0.17  0.4409  0.0094  0.4487  0.0077  0.3533  0.0031  0.3612  0.0040  4.1700  0.0200  4.1700  0.0200  4.0080  0.0100  4.0080  0.0100  1.6900  0.0400  1.7100  0.0400 -9.9900 -9.9900
V451_Oph                       B9_V         A0_V            2.197  7.87 -0.08  0.4434  0.0099  0.3722  0.0096  0.4216  0.0051  0.3071  0.0060  4.0380  0.0150  4.1960  0.0150  4.0330  0.0320  3.9910  0.0220  1.9300  0.1300  1.5300  0.0900 -9.9900 -9.9900
V402_Lac                       B8_V         B8_V            3.782  6.73 -0.04  0.4472  0.0078  0.4440  0.0078  0.3766  0.0055  0.3729  0.0055  4.1320  0.0130  4.1360  0.0140  4.0540  0.0100  4.0520  0.0090  1.9300  0.0400  1.9100  0.0400 -9.9900 -9.9900
V348_And                       B9_V         none           27.703  6.60  0.11  0.4487  0.0062  0.4298  0.0065  0.3838  0.0054  0.3692  0.0056  4.1200  0.0200  4.1300  0.0200  4.0200  0.0200  4.0200  0.0200 -9.9900 -9.9900 -9.9900 -9.9900 -9.9900 -9.9900
OGLE-LMC-ECL-13529             G4_III       G4_III         49.467 17.36  1.01  0.4559  0.0024  0.4487  0.0025  1.2312  0.0054  1.2036  0.0060  2.4320  0.0110  2.4800  0.0120  3.7240  0.0060  3.7210  0.0070  2.3120  0.0280  2.2460  0.0320 -0.1800  0.1400
OGLE-LMC-ECL-18836             G5_III       K1_III        182.553 17.43  1.29  0.4561  0.0047  0.4447  0.0056  1.2028  0.0068  1.4895  0.0046  2.4890  0.0130  1.9040  0.0090  3.7120  0.0080  3.6630  0.0080  2.2100  0.0380  2.5870  0.0320 -0.4000  0.1000
OGLE-LMC-ECL-09660             G3_III       K0_III        167.796 16.27  1.19  0.4744  0.0019  0.4767  0.0017  1.3740  0.0039  1.6474  0.0025  2.1650  0.0080  1.6200  0.0050  3.7200  0.0050  3.6710  0.0090  2.5830  0.0230  2.9320  0.0360 -0.4600  0.1000
OGLE-LMC-ECL-21873             G4_III       G6_III        144.188 16.79  1.06  0.4748  0.0031  0.4904  0.0034  1.3066  0.0047  1.3922  0.0042  2.3000  0.0090  2.1440  0.0080  3.7210  0.0060  3.7040  0.0070  2.4530  0.0260  2.5540  0.0290 -0.2800  0.1200
V414_Pup                       ApSi         Am              4.749  8.81 -0.05  0.4990  0.0081  0.2433  0.0097  0.4442  0.0053  0.1430  0.0131  4.0490  0.0110  4.3950  0.0210  4.1140  0.0100  3.9540  0.0070 -9.9900 -9.9900 -9.9900 -9.9900 -9.9900 -9.9900
alpha_Dra                      A0_III       none           51.417  3.68  0.04  0.5032  0.0060  0.3858  0.0034  0.6930  0.0032  0.3666  0.0097  3.5550  0.0060  4.0900  0.0190  4.0100  0.0040  3.9970  0.0140  2.3800  0.0180  1.6670  0.0590  0.0100  0.0500
psi_Cen                        A0_IV        none           38.813  4.05  0.03  0.5034  0.0042  0.2925  0.0033  0.5814  0.0008  0.2778  0.0009  3.7790  0.0030  4.1750  0.0040  4.0190  0.0120  3.9440  0.0150  2.1470  0.0500  1.2440  0.0590 -9.9900 -9.9900
V906_Sco                       B9_V         B9_V            2.786  5.96 -0.01  0.5123  0.0092  0.5287  0.0091  0.5459  0.0048  0.6552  0.0034  3.8580  0.0130  3.6560  0.0120  4.0290  0.0200  4.0170  0.0210  2.1620  0.0820  2.3300  0.0840 -9.9900 -9.9900
OGLE-LMC-ECL-09114             G4_III       G2_III        214.366 16.71  1.03  0.5190  0.0030  0.5058  0.0034  1.4205  0.0056  1.2739  0.0086  2.1160  0.0110  2.3960  0.0170  3.7190  0.0050  3.7340  0.0090  2.6690  0.0230  2.4390  0.0400 -0.3800  0.1200
OGLE-LMC-ECL-10567             G6_III       G9_III        117.975 16.43  1.09  0.5228  0.0038  0.5030  0.0035  1.3909  0.0051  1.5640  0.0030  2.1790  0.0100  1.8130  0.0060  3.7050  0.0090  3.6730  0.0070  2.5550  0.0360  2.7770  0.0280 -0.7000  0.1000
OGLE_SMC113.3_4007             G8_III       G8_III        371.768 15.81  0.88  0.5446  0.0035  0.5516  0.0030  1.6609  0.0066  1.6848  0.0063  1.6600  0.0170  1.6200  0.0160  3.6810  0.0090  3.6820  0.0090  3.0000  0.0330  3.0530  0.0300 -0.5000  0.0000
IQ_Per                         B8_V         A6_V            1.744  7.73 -0.11  0.5467  0.0083  0.2398  0.0078  0.3885  0.0046  0.1770  0.0049  4.2080  0.0190  4.3230  0.0130  4.0900  0.0080  3.8850  0.0080  2.0900  0.0300  0.8500  0.0400 -9.9900 -9.9900
OGLE-LMC-ECL-01866             G3_III       K1.5_III      251.247 16.13  1.17  0.5514  0.0024  0.5502  0.0038  1.4280  0.0084  1.6731  0.0046  2.1340  0.0170  1.6420  0.0090  3.7240  0.0070  3.6530  0.0060  2.7080  0.0320  2.9120  0.0250 -0.4900  0.1700
OGLE-LMC-ECL26122              none         none          771.781 16.63  0.82  0.5555  0.0066  0.5329  0.0060  1.5147  0.0068  1.3615  0.0091  1.9640  0.0140  2.2480  0.0180  3.6980  0.0070  3.6990  0.0070 -9.9900 -9.9900 -9.9900 -9.9900 -0.1500  0.1000
OGLE-LMC-SC9-230659            G6_III       G6_III        772.638 16.63  1.09  0.5561  0.0046  0.5352  0.0038  1.5163  0.0029  1.3692  0.0058  1.9620  0.0050  2.2350  0.0110  3.6990  0.0060  3.7020  0.0090  2.7830  0.0250  2.5000  0.0360 -0.2400  0.1100
OGLE-LMC-CEP-04506             F7_Ib        F7_Ib-II     1550.354 15.50  0.50  0.5575  0.0036  0.5465  0.0037  1.4548  0.0030  1.4216  0.0033  2.0870  0.0070  2.1420  0.0060  3.7870  0.0110  3.7830  0.0110  3.0100  0.0500  2.9300  0.0500 -9.9900 -9.9900
chi2_Hya                       B8_V         B8_V            2.268  5.65 -0.09  0.5579  0.0095  0.4213  0.0082  0.6419  0.0039  0.3355  0.0086  3.7120  0.0150  4.1880  0.0190  4.0660  0.0100  4.0410  0.0100  2.5000  0.0400  1.7900  0.0400 -9.9900 -9.9900
V413_Ser                       B8_V         B9_V            2.260  8.00  0.58  0.5658  0.0059  0.5263  0.0052  0.5065  0.0068  0.4669  0.0074  3.9914  0.0028  4.0310  0.0031  4.0450  0.0120  4.0150  0.0120  2.1490  0.0220  1.9490  0.0340 -9.9900 -9.9900
OGLE-LMC-CEP-01812             F7_II        G4_III        551.776 16.69  0.64  0.5752  0.0035  0.4183  0.0033  1.2516  0.0032  1.0730  0.0029  2.5090  0.0070  2.7090  0.0070  3.7870  0.0110  3.7130  0.0100  2.6100  0.0400  1.9500  0.0400 -9.9900 -9.9900
OGLE-SMC-ECL-3678              F2_II        G6_II         187.843 15.56  0.67  0.5832  0.0023  0.5717  0.0012  1.4942  0.0070  1.6294  0.0041  2.0300  0.0100  1.7500  0.0100  3.8230  0.0080  3.6970  0.0060  3.2340  0.0370  3.0030  0.0260 -0.7800  0.0800
zeta_Phe                       B6_V         B8_V            1.670  3.95 -0.15  0.5920  0.0063  0.4041  0.0053  0.4526  0.0029  0.2753  0.0025  4.1250  0.0050  4.2920  0.0040  4.1580  0.0240  4.0790  0.0220  2.4900  0.1000  1.8200  0.0900 -9.9900 -9.9900
OGLE-LMC-ECL-13360             G1_II-III    G4_II-III     262.439 15.82  1.07  0.5966  0.0026  0.6085  0.0026  1.4837  0.0054  1.5962  0.0039  2.0670  0.0110  1.8540  0.0080  3.7400  0.0070  3.7060  0.0070  2.8820  0.0310  2.9720  0.0280 -0.3000  0.1000
GG_Lup                         B7_V         B9_V            1.850  5.59 -0.16  0.6145  0.0042  0.3995  0.0042  0.3764  0.0046  0.2368  0.0048  4.3010  0.0110  4.3640  0.0100  4.1690  0.0130  4.0410  0.0240  2.3800  0.0500  1.5900  0.1000 -9.9900 -9.9900
OGLE-LMC-CEP-00227             F7_Ib-II     G4_II         309.669 15.20  0.60  0.6180  0.0031  0.6085  0.0032  1.5425  0.0015  1.6512  0.0014  1.9700  0.0040  1.7430  0.0030  3.7780  0.0120  3.7080  0.0100  3.1500  0.0500  3.0900  0.0400 -9.9900 -9.9900
OGLE-LMC-ECL-06575             G6_II-III    K0_III        189.994 15.81  1.20  0.6198  0.0023  0.6009  0.0028  1.6428  0.0043  1.6698  0.0040  1.7730  0.0080  1.6990  0.0080  3.6920  0.0070  3.6670  0.0060  3.0090  0.0290  2.9630  0.0240 -0.4600  0.1000
OGLE_SMC108.1_14904            F9_II        G7_II         185.218 15.21  0.86  0.6450  0.0040  0.6463  0.0036  1.6716  0.0049  1.8065  0.0034  1.7400  0.0140  1.4720  0.0100  3.7540  0.0080  3.6950  0.0080  3.3130  0.0420  3.3460  0.0380 -0.7900  0.1500
MU_Cas                         B5_V         B5_V            9.653 10.80  0.30  0.6599  0.0086  0.6684  0.0093  0.5647  0.0047  0.6222  0.0052  3.9690  0.0100  3.8610  0.0100  4.1790  0.0140  4.1690  0.0140  2.8000  0.0600  2.8800  0.0600 -9.9900 -9.9900
ASAS_J180057-2333.8            K1_II        K4_II         269.496 10.34  1.60  0.6914  0.0019  0.6880  0.0019  1.7170  0.0115  1.8301  0.0090  1.6960  0.0230  1.4660  0.0180  3.6570  0.0080  3.6240  0.0080  3.0130  0.0380  3.1110  0.0370 -0.1400  0.1000
V760_Sco                       B4_V         B4_V            1.731  6.99 -0.17  0.6972  0.0078  0.6646  0.0069  0.4790  0.0095  0.4216  0.0087  4.1770  0.0210  4.2590  0.0190  4.2280  0.0130  4.2100  0.0130  2.8200  0.0500  2.6300  0.0600 -9.9900 -9.9900
EP_Cru                         B5_V         B5_V           11.077  8.69 -0.04  0.7007  0.0112  0.6839  0.0117  0.5551  0.0042  0.5434  0.0042  4.0280  0.0080  4.0350  0.0080  4.1960  0.0140  4.1880  0.0140 -9.9900 -9.9900 -9.9900 -9.9900 -9.9900 -9.9900
U_Oph                          B5_V         B6_V            1.678  5.91 -0.18  0.7067  0.0051  0.6609  0.0047  0.5366  0.0013  0.4843  0.0014  4.0730  0.0040  4.1310  0.0040  4.2200  0.0050  4.1830  0.0030 -9.9900 -9.9900 -9.9900 -9.9900  0.0000  0.0000
DI_Her                         B5_V         B5_V           10.550  8.42 -0.18  0.7147  0.0090  0.6565  0.0063  0.4281  0.0075  0.3939  0.0079  4.2970  0.0180  4.3070  0.0170  4.2300  0.0200  4.1790  0.0200  2.7300  0.0800  2.4600  0.0800 -9.9900 -9.9900
CV_Vel                         B2.5_V       B2.5_V          6.889  6.69 -0.19  0.7830  0.0008  0.7747  0.0008  0.6107  0.0032  0.5955  0.0033  4.0000  0.0080  4.0210  0.0080  4.2550  0.0120  4.2500  0.0120  3.2040  0.0480  3.1370  0.0480  0.0000  0.0000
V539_Ara                       B3_V         B4_V            3.169  5.71 -0.19  0.7951  0.0046  0.7253  0.0049  0.6581  0.0018  0.5533  0.0043  3.9170  0.0030  4.0570  0.0080  4.2580  0.0120  4.2330  0.0130  3.3020  0.0480  2.9930  0.0520 -9.9900 -9.9900
V436_Per                       B1.5_V       B1.5_V         25.936  5.52 -0.18  0.8376  0.0023  0.8662  0.0023  0.5334  0.0059  0.5735  0.0031  4.2090  0.0120  4.1570  0.0060  4.3320  0.0200  4.3420  0.0200  3.3510  0.0810  3.4710  0.0790 -9.9900 -9.9900
V1388_Ori                      B2.5_IV      B3_V            2.187  7.50 -0.06  0.8596  0.0047  0.7014  0.0033  0.7244  0.0061  0.4975  0.0077  3.8490  0.0120  4.1440  0.0150  4.2790  0.0230  4.2300  0.0250  3.6500  0.0440  3.0180  0.0490 -9.9900 -9.9900
QX_Car                         B2_V         B2_V            4.478  6.64 -0.23  0.9669  0.0057  0.9284  0.0062  0.6324  0.0092  0.6076  0.0098  4.1400  0.0200  4.1510  0.0210  4.3770  0.0090  4.3540  0.0100  3.7200  0.0400  3.5800  0.0400 -9.9900 -9.9900
DW_Car                         B1_V         B1_V            1.328  9.68  0.07  1.0546  0.0046  1.0265  0.0057  0.6588  0.0043  0.6332  0.0056  4.1750  0.0080  4.1980  0.0110  4.4460  0.0160  4.4230  0.0160  4.0550  0.0630  3.9150  0.0670  0.0000  0.0000
V380_Cyg                       B1.5_III     B2_V           12.426  5.68 -0.06  1.0580  0.0072  0.8451  0.0087  1.1962  0.0036  0.5819  0.0055  3.1040  0.0060  4.1200  0.0110  4.3360  0.0060  4.3560  0.0230  4.6910  0.0410  3.6260  0.0380  0.0300  0.1000
VV_Ori                         B1_V         B4_V            1.485  5.38 -0.22  1.0630  0.0053  0.6821  0.0054  0.7084  0.0025  0.3997  0.0035  4.0800  0.0500  4.3200  0.0600  4.4260  0.0050  4.2110  0.0110  4.0700  0.0200  2.6000  0.0600 -0.0600  0.0600
V346_Cen                       B0_IV        B1_V            6.322  8.51 -0.06  1.0697  0.0044  0.9222  0.0046  0.9179  0.0041  0.6152  0.0076  3.6720  0.0080  4.1300  0.0150  4.4170  0.0050  4.3520  0.0060  4.4570  0.0220  3.5940  0.0280  0.0000  0.0000
CW_Cep                         B0.5_V       B0.5_V          2.729  7.59 -0.28  1.1139  0.0023  1.0770  0.0029  0.7364  0.0048  0.7067  0.0051  4.0790  0.0100  4.1020  0.1040  4.4520  0.0080  4.4400  0.0070 -9.9900 -9.9900 -9.9900 -9.9900  0.0000  0.0000
OGLE-LMC-ECL-22270             none         none            5.414 14.03 -0.02  1.1209  0.0026  1.1596  0.0042  0.9284  0.0051  1.1123  0.0017  3.7020  0.0100  3.3740  0.0030  4.4170  0.0270  4.3760  0.0240  4.4780  0.0100  4.6810  0.0030 -9.9900 -9.9900
V453_Cyg                       B0.4_IV      B0.7_IV         3.890  8.29  0.18  1.1449  0.0072  1.0453  0.0070  0.9378  0.0028  0.7202  0.0046  3.7080  0.0040  4.0440  0.0090  4.4590  0.0080  4.4420  0.0090  4.6660  0.0310  4.1630  0.0390  0.0000  0.0000
V578_Mon                       B0_V         B1:_V           2.408  8.54  0.17  1.1626  0.0024  1.0124  0.0025  0.7332  0.0032  0.6325  0.0051  4.1330  0.0180  4.1850  0.0210  4.4770  0.0070  4.4110  0.0070  4.3300  0.0300  3.8600  0.0300  0.0000  0.0000
V573_Car                       O9.5V_(n)    B0.5V_(n)       1.469  9.52  0.11  1.1793  0.0037  1.0924  0.0035  0.7347  0.0034  0.6559  0.0047  4.1480  0.0070  4.2180  0.0090  4.5040  0.0050  4.4580  0.0050  4.4390  0.0230  4.0980  0.0230  0.0000  0.0000
V478_Cyg                       O9.5_II      O9.5_III        2.881  8.63 -0.29  1.1875  0.0107  1.1767  0.0101  0.8609  0.0054  0.8543  0.0055  3.9040  0.0090  3.9070  0.0100  4.5070  0.0070  4.5020  0.0080  4.7000  0.0300  4.6700  0.0400  0.0000  0.0000
GL_Car                         B0.5_V       B1_V            2.422  9.70  0.17  1.2003  0.0085  1.1746  0.0087  0.7195  0.0040  0.6962  0.0045  4.1990  0.0070  4.2200  0.0080  4.4910  0.0070  4.4830  0.0070  4.3570  0.0290  4.2780  0.0300  0.0000  0.0000
AH_Cep                         B0.5_V       B0.5_V          1.775  6.81  0.30  1.2079  0.0070  1.1364  0.0067  0.8136  0.0067  0.7513  0.0085  4.0190  0.0120  4.0730  0.0180  4.4870  0.0080  4.4590  0.0080  4.5300  0.0300  4.3000  0.0400  0.0000  0.0000
V1034_Sco                      O9.2_IV      B1:_V           2.441  8.47 -0.22  1.2307  0.0036  0.9810  0.0024  0.8758  0.0043  0.6363  0.0051  3.9170  0.0090  4.1470  0.0100  4.5080  0.0070  4.4120  0.0050  4.7380  0.0280  3.8740  0.0280  0.0000  0.0000
Y_Cyg                          O9.5_IV      O9.5_IV         2.996  7.32 -0.09  1.2485  0.0086  1.2487  0.0073  0.7623  0.0068  0.7646  0.0047  4.1610  0.0140  4.1570  0.0100  4.5210  0.0030  4.5250  0.0030 -9.9900 -9.9900 -9.9900 -9.9900  0.0000  0.0000
V1292_Sco                      O9.5_III     B1-2_IV         4.240  7.57  0.14  1.2704  0.0110  0.8865  0.0068  0.9731  0.0069  0.5670  0.0071  3.7620  0.0180  4.1900  0.0160  4.4900  0.0140  4.3360  0.0200 -9.9900 -9.9900 -9.9900 -9.9900 -9.9900 -9.9900
DN_Cas                         O8.5_V       B0.2_V          2.311  9.93  0.53  1.2797  0.0016  1.1377  0.0016  0.8585  0.0036  0.7627  0.0045  4.0000  0.0090  4.2700  0.0100  4.5070  0.0140  4.4470  0.0170  4.7000  0.0600  4.2700  0.0800 -9.9900 -9.9900
delta_Cir                      O7_IV((f))   B               3.902  5.09 -0.06  1.3010  0.0109  1.0573  0.0091  0.9664  0.0043  0.7264  0.0074  3.8060  0.0070  4.0430  0.0140  4.5740  0.0100  4.5190  0.0130  5.1840  0.0700  4.3390  0.0900 -9.9900 -9.9900
EM_Car                         O7.5_V((f))  O7.5_V((f))     3.414  8.38 -0.31  1.3596  0.0061  1.3310  0.0067  0.9708  0.0079  0.9212  0.0073  3.8560  0.0170  3.9260  0.0160  4.5310  0.0260  4.5310  0.0260  5.0200  0.1000  4.9200  0.1000 -9.9900 -9.9900
CC_Cas                         O8.5_III(n)  B0.5_V          3.366  7.08  0.48  1.3709  0.0170  0.9978  0.0148  1.0362  0.0072  0.8351  0.0114  3.7360  0.0130  3.7660  0.0220  4.5380  0.0250  4.4520  0.0310  5.1790  0.0530  4.4740  0.0640 -9.9900 -9.9900
V467_Vel                       O6_Vf        B1_V            2.753 10.90  0.00  1.4031  0.0120  0.9165  0.0090  0.9996  0.0039  0.5428  0.0037  3.8420  0.0160  4.2680  0.0170  4.5590  0.0310  4.4020  0.0460  5.1870  0.1260  3.6490  0.1100 -9.9900 -9.9900
V3903_Sgr                      O7V(n)       B0:V:           1.744  7.27  0.06  1.4357  0.0088  1.2790  0.0101  0.9078  0.0046  0.7871  0.0043  4.0580  0.0160  4.1430  0.0130  4.5800  0.0210  4.5310  0.0210  5.0870  0.0290  4.6580  0.0320 -9.9900 -9.9900
